intersect_bp,f_orig_query,f_match,f_unique_to_query,f_unique_weighted,average_abund,median_abund,std_abund,filename,name,md5,f_match_orig,unique_intersect_bp,gather_result_rank,remaining_bp,query_filename,query_name,query_md5,query_bp,ksize,moltype,scaled,query_n_hashes,query_abundance,query_containment_ani,match_containment_ani,average_containment_ani,max_containment_ani,potential_false_negative,n_unique_weighted_found,sum_weighted_found,total_weighted_hashes,lineage
3317000,0.012681214827501836,0.6529527559055118,0.012681214827501836,0.02565943200858177,9.547784142297257,6.0,15.22873214847509,/tmp/nxf.XXXXCs2Y11/sourmash_database/gtdb-rs214-reps.k51.zip,"GCF_000012825.1 Bacteroides vulgatus ATCC 8482 strain=ATCC 8482, ASM1282v1",63b92dc09e7b5ffbd878d8e5fce5cfec,0.6529527559055118,3317000,0,122272000,SRR6915193_2.fastq.gz,SRR6915193,553aebf8,261568000,51,DNA,1000,261568,True,0.9179247410974902,0.9916769767785847,0.9548008589380375,0.9916769767785847,False,31670,31670,1234244,d__Bacteria;p__Bacteroidota;c__Bacteroidia;o__Bacteroidales;f__Bacteroidaceae;g__Phocaeicola;s__Phocaeicola vulgatus
3241000,0.012390659407878639,0.6729088639200999,0.012363897724492293,0.014235434808676404,5.432900432900433,4.0,4.7167755262312925,/tmp/nxf.XXXXCs2Y11/sourmash_database/gtdb-rs214-reps.k51.zip,"GCF_000012845.1 Parabacteroides distasonis ATCC 8503 strain=ATCC 8503, ASM1284v1",85c74583c59734abc0e8f1a3e909b79d,0.6743653766125676,3234000,1,119038000,SRR6915193_2.fastq.gz,SRR6915193,553aebf8,261568000,51,DNA,1000,261568,True,0.91750765104536,0.9923046013253055,0.9549061261853328,0.9923046013253055,False,17570,49240,1234244,d__Bacteria;p__Bacteroidota;c__Bacteroidia;o__Bacteroidales;f__Tannerellaceae;g__Parabacteroides;s__Parabacteroides distasonis
2901000,0.011090806214827501,0.655886458818055,0.01077731220944458,0.01964927518383723,8.60305072720823,5.0,24.338286433255362,/tmp/nxf.XXXXCs2Y11/sourmash_database/gtdb-rs214-reps.k51.zip,"GCA_025151215.1 Parabacteroides merdae ATCC 43184 strain=ATCC 43184, ASM2515121v1",04366d02afc93cbeed4bfc2d3a9aa9a9,0.6749651000465333,2819000,2,116219000,SRR6915193_2.fastq.gz,SRR6915193,553aebf8,261568000,51,DNA,1000,261568,True,0.9155160101785911,0.9923218971521044,0.9539189536653477,0.9923218971521044,False,24252,73492,1234244,d__Bacteria;p__Bacteroidota;c__Bacteroidia;o__Bacteroidales;f__Tannerellaceae;g__Parabacteroides;s__Parabacteroides merdae
2802000,0.010712319549792024,0.5934089917066783,0.010395002446782481,0.013806022147970741,6.267009930121368,5.0,6.514593084494216,/tmp/nxf.XXXXCs2Y11/sourmash_database/gtdb-rs214-reps.k51.zip,"GCA_025147485.1 Bacteroides uniformis strain=ATCC 8492, ASM2514748v1",177d80c9d0f18e5195e47e20bdf54706,0.6115233522479266,2719000,3,113500000,SRR6915193_2.fastq.gz,SRR6915193,553aebf8,261568000,51,DNA,1000,261568,True,0.9148929164429113,0.9904031672173729,0.9526480418301421,0.9904031672173729,False,17040,90532,1234244,d__Bacteria;p__Bacteroidota;c__Bacteroidia;o__Bacteroidales;f__Bacteroidaceae;g__Bacteroides;s__Bacteroides uniformis
2672000,0.010215316858331294,0.5792101679527917,0.009756545143136775,0.020924549764876312,10.119905956112852,4.0,38.166518242101915,/tmp/nxf.XXXXCs2Y11/sourmash_database/gtdb-rs214-reps.k51.zip,"GCF_000382445.1 Bacteroides massiliensis B84634 = Timone 84634 = DSM 17679 = JCM 13223 strain=DSM 17679, Bact_mass_DSM_17679_V1",61edb0d0d8fa658bb8f1cd38bd81ed44,0.6064457557875624,2552000,4,110948000,SRR6915193_2.fastq.gz,SRR6915193,553aebf8,261568000,51,DNA,1000,261568,True,0.9140410960065579,0.9902412620294454,0.9521411790180017,0.9902412620294454,False,25826,116358,1234244,d__Bacteria;p__Bacteroidota;c__Bacteroidia;o__Bacteroidales;f__Bacteroidaceae;g__Phocaeicola;s__Phocaeicola massiliensis
2352000,0.008991925617812577,0.5537451361867705,0.008705193295816002,0.04985724054562955,27.025032938076418,11.0,126.24219073517882,/tmp/nxf.XXXXCs2Y11/sourmash_database/gtdb-rs214-reps.k51.zip,"GCF_000154845.1 Bacteroides coprocola DSM 17136 strain=DSM 17136, ASM15484v1",6c4a84c6881f2933a9b05588fca9caee,0.5719844357976653,2277000,5,108671000,SRR6915193_2.fastq.gz,SRR6915193,553aebf8,261568000,51,DNA,1000,261568,True,0.9117577526978315,0.9891059802706091,0.9504318664842204,0.9891059802706091,False,61536,177894,1234244,d__Bacteria;p__Bacteroidota;c__Bacteroidia;o__Bacteroidales;f__Bacteroidaceae;g__Phocaeicola;s__Phocaeicola coprocola
2274000,0.008693724002936139,0.37711509465572124,0.008605792757523855,0.004858034553945573,2.663705019991115,2.0,4.283201237252056,/tmp/nxf.XXXXCs2Y11/sourmash_database/gtdb-rs214-reps.k51.zip,"GCF_900106755.1 Bacteroides faecis MAJ27 strain=MAJ27, IMG-taxon 2693429916 annotated assembly",29f2cc9d2d6e4b636e9cf811c74231fd,0.3809683364047579,2251000,6,106420000,SRR6915193_2.fastq.gz,SRR6915193,553aebf8,261568000,51,DNA,1000,261568,True,0.9111550185018933,0.9812555698660063,0.9462052941839498,0.9812555698660063,False,5996,183890,1234244,d__Bacteria;p__Bacteroidota;c__Bacteroidia;o__Bacteroidales;f__Bacteroidaceae;g__Bacteroides;s__Bacteroides faecis
2114000,0.00808202838267678,0.4751629579680827,0.00808202838267678,0.007736719805808252,4.517029328287607,2.0,14.857282058080134,/tmp/nxf.XXXXCs2Y11/sourmash_database/gtdb-rs214-reps.k51.zip,"GCF_900537995.1 Roseburia intestinalis L1-82 strain=L1-82, Roseburia intestinalis strain L1-82",a0a31bbf8562bc7e5e4b2fd755c9aae9,0.4751629579680827,2114000,7,104306000,SRR6915193_2.fastq.gz,SRR6915193,553aebf8,261568000,51,DNA,1000,261568,True,0.9098524894042673,0.9855157740678697,0.9476841317360685,0.9855157740678697,False,9549,193439,1234244,d__Bacteria;p__Bacillota_A;c__Clostridia;o__Lachnospirales;f__Lachnospiraceae;g__Roseburia;s__Roseburia intestinalis
2080000,0.007952043063371666,0.31189959714905485,0.007695895522388059,0.0036710731427497317,2.250869349230005,2.0,2.085160467965915,/tmp/nxf.XXXXCs2Y11/sourmash_database/gtdb-rs214-reps.k51.zip,"GCF_001314995.1 Bacteroides ovatus strain=ATCC 8483, ASM131499v1",c28ea957513bf36bf9dc694cd077b880,0.3222807561202355,2013000,8,102293000,SRR6915193_2.fastq.gz,SRR6915193,553aebf8,261568000,51,DNA,1000,261568,True,0.9095632737617524,0.9780420713275476,0.94380267254465,0.9780420713275476,False,4531,197970,1234244,d__Bacteria;p__Bacteroidota;c__Bacteroidia;o__Bacteroidales;f__Bacteroidaceae;g__Bacteroides;s__Bacteroides ovatus
2046000,0.007822057744066552,0.601147342995169,0.007611787374602398,0.02241939195167244,13.898041185334003,12.0,9.550318834183859,/tmp/nxf.XXXXCs2Y11/sourmash_database/gtdb-rs214-reps.k51.zip,"GCF_001406815.1 Roseburia faecis strain=M72, M72",a0f3a6070b93943510064cfd96143d45,0.6177536231884058,1991000,9,100302000,SRR6915193_2.fastq.gz,SRR6915193,553aebf8,261568000,51,DNA,1000,261568,True,0.9092693856030408,0.990600035569036,0.9499347105860384,0.990600035569036,False,27671,225641,1234244,d__Bacteria;p__Bacillota_A;c__Clostridia;o__Lachnospirales;f__Lachnospiraceae;g__Agathobacter;s__Agathobacter faecis
1957000,0.007481802055297284,0.6756378888500524,0.00739004771225838,0.019133169778423068,12.216761510605277,10.0,19.479573672012986,/tmp/nxf.XXXXCs2Y11/sourmash_database/gtdb-rs214-reps.k51.zip,"GCF_020564355.1 Lachnospira pectinoschiza strain=SL.1.13, ASM2056435v1",3bf2c0fcdedffa7ce0c88a9624ebba72,0.6840265641384131,1933000,10,98369000,SRR6915193_2.fastq.gz,SRR6915193,553aebf8,261568000,51,DNA,1000,261568,True,0.9084768130407594,0.992581409002155,0.9505291110214572,0.992581409002155,False,23615,249256,1234244,d__Bacteria;p__Bacillota_A;c__Clostridia;o__Lachnospirales;f__Lachnospiraceae;g__Lachnospira;s__Lachnospira sp000437735
1915000,0.007321231954979203,0.8131634819532909,0.007321231954979203,0.01937542333606645,12.487728459530025,11.0,16.916265314096915,/tmp/nxf.XXXXCs2Y11/sourmash_database/gtdb-rs214-reps.k51.zip,"GCF_003402575.1 Mesosutterella multiformis strain=4NBBH2, ASM340257v1",75ca9f8664d32ee6ded948902adeb894,0.8131634819532909,1915000,11,96454000,SRR6915193_2.fastq.gz,SRR6915193,553aebf8,261568000,51,DNA,1000,261568,True,0.9080904351451585,0.9959528568508922,0.9520216459980253,0.9959528568508922,False,23914,273170,1234244,d__Bacteria;p__Pseudomonadota;c__Gammaproteobacteria;o__Burkholderiales;f__Burkholderiaceae_A;g__Mesosutterella;s__Mesosutterella multiformis
1961000,0.007497094445803768,0.47930338213023727,0.0072600623929532666,0.008115899287337025,5.274881516587678,2.0,14.583429462077058,/tmp/nxf.XXXXCs2Y11/sourmash_database/gtdb-rs214-reps.k51.zip,"GCA_003584705.1 Lachnospiraceae bacterium GAM79 strain=GAM79, ASM358470v1",70a12b75803f82aa8bff2c80aad9821b,0.4949520444220091,1899000,12,94555000,SRR6915193_2.fastq.gz,SRR6915193,553aebf8,261568000,51,DNA,1000,261568,True,0.90851318595271,0.9863045613786426,0.9474088736656763,0.9863045613786426,False,10017,283187,1234244,d__Bacteria;p__Bacillota_A;c__Clostridia;o__Lachnospirales;f__Lachnospiraceae;g__Acetatifactor;s__Acetatifactor sp900066565
1896000,0.007248593100073404,0.5224478124106376,0.0069847993638365545,0.010839833938832193,7.322933771209633,6.0,8.74436151348921,/tmp/nxf.XXXXCs2Y11/sourmash_database/gtdb-rs214-reps.k51.zip,"GCA_003481005.1 Firmicutes bacterium TM09-10 strain=TM09-10, ASM348100v1",c0d07a387323e9090cb0e8551aca2a08,0.5421790105804976,1827000,13,92728000,SRR6915193_2.fastq.gz,SRR6915193,553aebf8,261568000,51,DNA,1000,261568,True,0.9079129080214511,0.98806863135686,0.9479907696891555,0.98806863135686,False,13379,296566,1234244,d__Bacteria;p__Bacillota_A;c__Clostridia;o__Lachnospirales;f__Lachnospiraceae;g__Eisenbergiella;s__Eisenbergiella sp900066775
1819000,0.006954214582823587,0.493646408839779,0.006831875458771715,0.0042447036404471075,2.931729155008394,2.0,9.0324810557108,/tmp/nxf.XXXXCs2Y11/sourmash_database/gtdb-rs214-reps.k51.zip,"GCF_000265365.1 Alistipes finegoldii DSM 17242 strain=DSM 17242, ASM26536v1",32e9ec95ec567198d44d9d52c769243b,0.5024861878453039,1787000,14,90941000,SRR6915193_2.fastq.gz,SRR6915193,553aebf8,261568000,51,DNA,1000,261568,True,0.9071751369777596,0.9865967688517123,0.946885952914736,0.9865967688517123,False,5239,301805,1234244,d__Bacteria;p__Bacteroidota;c__Bacteroidia;o__Bacteroidales;f__Rikenellaceae;g__Alistipes;s__Alistipes finegoldii
1751000,0.006694243944213359,0.6777691711851278,0.006690420846586738,0.024985335152530617,17.621714285714287,16.0,24.09177185984748,/tmp/nxf.XXXXCs2Y11/sourmash_database/gtdb-rs214-reps.k51.zip,"GCA_004000625.1 Candidatus Cibiobacter qucibialis, ASM400062v1",442a7b6ad44794daf4265d6e6158d0b9,0.6781564678543764,1750000,15,89191000,SRR6915193_2.fastq.gz,SRR6915193,553aebf8,261568000,51,DNA,1000,261568,True,0.9064976796031159,0.9924136824934717,0.9494556810482938,0.9924136824934717,False,30838,332643,1234244,d__Bacteria;p__Bacillota_A;c__Clostridia;o__Oscillospirales;f__Ruminococcaceae;g__Gemmiger;s__Gemmiger qucibialis
2723000,0.010410294837288964,0.3120670798395917,0.0065451431367751405,0.003970041580108957,2.8621495327102804,2.0,4.040497916951859,/tmp/nxf.XXXXCs2Y11/sourmash_database/gtdb-rs214-reps.k51.zip,"GCF_013009555.1 Bacteroides dorei strain=DSM 17855, ASM1300955v1",92c62d3d608447418f79f40c554d2f69,0.49635435654393,1712000,16,87479000,SRR6915193_2.fastq.gz,SRR6915193,553aebf8,261568000,51,DNA,1000,261568,True,0.9143800164066979,0.9863592780884661,0.950369647247582,0.9863592780884661,False,4900,337543,1234244,d__Bacteria;p__Bacteroidota;c__Bacteroidia;o__Bacteroidales;f__Bacteroidaceae;g__Phocaeicola;s__Phocaeicola dorei
1801000,0.006885398825544409,0.4551760939167556,0.006522204551015415,0.00531256380423968,3.843493552168816,3.0,7.4050936486415795,/tmp/nxf.XXXXCs2Y11/sourmash_database/gtdb-rs214-reps.k51.zip,"GCF_003435375.1 Clostridium sp. AM34-11AC strain=AM34-11AC, ASM343537v1",dbc6837b95ffa97bbc27800d0a9cc61b,0.4805229455709712,1706000,17,85773000,SRR6915193_2.fastq.gz,SRR6915193,553aebf8,261568000,51,DNA,1000,261568,True,0.9069982580364847,0.9857325566173287,0.9463654073269068,0.9857325566173287,False,6557,344100,1234244,d__Bacteria;p__Bacillota_A;c__Clostridia;o__Lachnospirales;f__Lachnospiraceae;g__Copromonas;s__Copromonas sp900066535
1690000,0.006461034988989479,0.5409240924092409,0.006266057010031808,0.01598630416676119,12.038438071995119,9.0,21.420149523616132,/tmp/nxf.XXXXCs2Y11/sourmash_database/gtdb-rs214-reps.k51.zip,"GCF_023347255.1 Faecalibacterium sp. I4384 strain=I4384, ASM2334725v1",1ea2dc0eabe05329a021ee2c38093f28,0.5577557755775577,1639000,18,84134000,SRR6915193_2.fastq.gz,SRR6915193,553aebf8,261568000,51,DNA,1000,261568,True,0.9058676423742369,0.9886175486390224,0.9472425955066297,0.9886175486390224,False,19731,363831,1234244,d__Bacteria;p__Bacillota_A;c__Clostridia;o__Oscillospirales;f__Ruminococcaceae;g__Faecalibacterium;s__Faecalibacterium prausnitzii_D
1578000,0.006032848054807928,0.7373831775700934,0.006032848054807928,0.012350880376975704,9.660329531051964,8.0,9.920531405331047,/tmp/nxf.XXXXCs2Y11/sourmash_database/gtdb-rs214-reps.k51.zip,"GCF_007164725.1 Dialister hominis strain=5BBH33, ASM716472v1",dd786084790083855f28fd57d8ce9bb9,0.7373831775700934,1578000,19,82556000,SRR6915193_2.fastq.gz,SRR6915193,553aebf8,261568000,51,DNA,1000,261568,True,0.9046505074156751,0.9940443232921313,0.9493474153539032,0.9940443232921313,False,15244,379075,1234244,d__Bacteria;p__Bacillota_C;c__Negativicutes;o__Veillonellales;f__Dialisteraceae;g__Dialister;s__Dialister hominis
1681000,0.00642662711034989,0.41818684355997787,0.005784346709077563,0.0033178204633767714,2.706543291473893,2.0,4.29833466740667,/tmp/nxf.XXXXCs2Y11/sourmash_database/gtdb-rs214-reps.k51.zip,"GCF_000225345.1 Roseburia hominis A2-183 strain=A2-183, ASM22534v1",2a06d44b517751a885debff12d3f2b01,0.4646213377556661,1513000,20,81043000,SRR6915193_2.fastq.gz,SRR6915193,553aebf8,261568000,51,DNA,1000,261568,True,0.9057728034497438,0.9850823377711703,0.945427570610457,0.9850823377711703,False,4095,383170,1234244,d__Bacteria;p__Bacillota_A;c__Clostridia;o__Lachnospirales;f__Lachnospiraceae;g__Roseburia;s__Roseburia hominis
1545000,0.005906685833129434,0.3962056640087985,0.005509083679960851,0.0025165202342486573,2.155447605829285,1.0,3.1494334593237574,/tmp/nxf.XXXXCs2Y11/sourmash_database/gtdb-rs214-reps.k51.zip,"GCF_015557635.1 Fusicatenibacter saccharivorans strain=D41t1_190614_C8, ASM1555763v1",d2fdc17cdae8aecf1aac02f627d3979a,0.4248006598845202,1441000,21,79602000,SRR6915193_2.fastq.gz,SRR6915193,553aebf8,261568000,51,DNA,1000,261568,True,0.9042756994703023,0.9833531501769135,0.9438144248236079,0.9833531501769135,False,3106,386276,1234244,d__Bacteria;p__Bacillota_A;c__Clostridia;o__Lachnospirales;f__Lachnospiraceae;g__Fusicatenibacter;s__Fusicatenibacter saccharivorans
1475000,0.005639068999265966,0.47039143526262966,0.005375275263029116,0.005294739127757559,4.647937411095306,3.0,6.884576171420722,/tmp/nxf.XXXXCs2Y11/sourmash_database/gtdb-rs214-reps.k51.zip,"GCF_009680455.1 Lachnospira eligens strain=BIOML-A1, ASM968045v1",93a7d0e658bdfb8b86a54dc8bf8c1937,0.4934760789561726,1406000,22,78196000,SRR6915193_2.fastq.gz,SRR6915193,553aebf8,261568000,51,DNA,1000,261568,True,0.9034539637430311,0.9862468063809842,0.9448503850620076,0.9862468063809842,False,6535,392811,1234244,d__Bacteria;p__Bacillota_A;c__Clostridia;o__Lachnospirales;f__Lachnospiraceae;g__Lachnospira;s__Lachnospira eligens_A
1389000,0.00531028260337656,0.5900594732370433,0.00531028260337656,0.003124179659775539,2.776097912167027,2.0,2.0507187541688268,/tmp/nxf.XXXXCs2Y11/sourmash_database/gtdb-rs214-reps.k51.zip,"GCF_000196555.1 Bifidobacterium longum subsp. longum JCM 1217 strain=JCM 1217, ASM19655v1",4e5724ba16e37517faabf3d6eac4a812,0.5900594732370433,1389000,23,76807000,SRR6915193_2.fastq.gz,SRR6915193,553aebf8,261568000,51,DNA,1000,261568,True,0.9023903936666933,0.9897095491177732,0.9460499713922332,0.9897095491177732,False,3856,396667,1234244,d__Bacteria;p__Actinomycetota;c__Actinomycetia;o__Actinomycetales;f__Bifidobacteriaceae;g__Bifidobacterium;s__Bifidobacterium longum
1468000,0.005612307315879618,0.45284905031656114,0.00519558967457793,0.022747528041456955,20.659308314937455,19.0,15.270223800430811,/tmp/nxf.XXXXCs2Y11/sourmash_database/gtdb-rs214-reps.k51.zip,"GCF_003324185.1 Faecalibacterium prausnitzii strain=ATCC 27768, ASM332418v1",a294186b3cb8cdd319bb9d5fdcde1f5a,0.48917027657447515,1359000,24,75448000,SRR6915193_2.fastq.gz,SRR6915193,553aebf8,261568000,51,DNA,1000,261568,True,0.9033696973917027,0.9860773461705757,0.9447235217811392,0.9860773461705757,False,28076,424743,1234244,d__Bacteria;p__Bacillota_A;c__Clostridia;o__Oscillospirales;f__Ruminococcaceae;g__Faecalibacterium;s__Faecalibacterium prausnitzii
1627000,0.006220179838512356,0.3333333333333333,0.005168827991191583,0.0034377319233474092,3.1383136094674557,2.0,5.41455518089663,/tmp/nxf.XXXXCs2Y11/sourmash_database/gtdb-rs214-reps.k51.zip,"GCF_000174195.1 Roseburia inulinivorans DSM 16841 strain=DSM 16841, ASM17419v1",e3692c21f5a57009b8f3ea43032066c2,0.40113412228796846,1352000,25,74096000,SRR6915193_2.fastq.gz,SRR6915193,553aebf8,261568000,51,DNA,1000,261568,True,0.9051930986156544,0.9822484786629103,0.9437207886392824,0.9822484786629103,False,4243,428986,1234244,d__Bacteria;p__Bacillota_A;c__Clostridia;o__Lachnospirales;f__Lachnospiraceae;g__Roseburia;s__Roseburia inulinivorans
1424000,0.005444091020308295,0.4187284685248982,0.005111481526792268,0.014343193080136504,13.24083769633508,12.0,8.205223460894667,/tmp/nxf.XXXXCs2Y11/sourmash_database/gtdb-rs214-reps.k51.zip,"GCF_900167555.1 Gemmiger formicilis strain=ATCC 27749, IMG-taxon 2590828806 annotated assembly",316f66857e7940a11e48de3faf3d397d,0.4459755715627936,1337000,26,72759000,SRR6915193_2.fastq.gz,SRR6915193,553aebf8,261568000,51,DNA,1000,261568,True,0.9028308278010886,0.9842915266986579,0.9435611772498733,0.9842915266986579,False,17703,446689,1234244,d__Bacteria;p__Bacillota_A;c__Clostridia;o__Oscillospirales;f__Ruminococcaceae;g__Gemmiger;s__Gemmiger formicilis
1326000,0.005069427452899437,0.595227375056281,0.005054135062392953,0.005164294904411121,4.821482602118003,4.0,3.1365627107555425,/tmp/nxf.XXXXCs2Y11/sourmash_database/gtdb-rs214-reps.k51.zip,"GCF_003472385.1 Sutterella sp. AM11-39 strain=AM11-39, ASM347238v1",26974cdeef24f86204b5f33ad152a2e5,0.5970283656010806,1322000,27,71437000,SRR6915193_2.fastq.gz,SRR6915193,553aebf8,261568000,51,DNA,1000,261568,True,0.9015694651443135,0.9899374276760574,0.9457534464101854,0.9899374276760574,False,6374,453063,1234244,d__Bacteria;p__Pseudomonadota;c__Gammaproteobacteria;o__Burkholderiales;f__Burkholderiaceae_A;g__Duodenibacillus;s__Duodenibacillus intestinigallinarum
1355000,0.005180297284071446,0.4863551401869159,0.004973850012233913,0.007726997254999822,7.330514988470408,6.0,5.892052161519309,/tmp/nxf.XXXXCs2Y11/sourmash_database/gtdb-rs214-reps.k51.zip,"GCF_000765235.1 Oscillibacter sp. ER4 strain=ER4, ASM76523v1",b86d494b379656b1b7a7b4d8bf763e29,0.5065420560747663,1301000,28,70136000,SRR6915193_2.fastq.gz,SRR6915193,553aebf8,261568000,51,DNA,1000,261568,True,0.9019519984517818,0.9867522997180102,0.944352149084896,0.9867522997180102,False,9537,462600,1234244,d__Bacteria;p__Bacillota_A;c__Clostridia;o__Oscillospirales;f__Oscillospiraceae;g__ER4;s__ER4 sp000765235
1380000,0.005275874724736971,0.40561622464898595,0.004970026914607292,0.003765057800564556,3.5746153846153845,2.0,3.6559500825253557,/tmp/nxf.XXXXCs2Y11/sourmash_database/gtdb-rs214-reps.k51.zip,"GCA_000020605.1 [Eubacterium] rectale ATCC 33656 strain=ATCC 33656, ASM2060v1",bb4d1c2199066ffc1226ec8433ce5698,0.43057722308892354,1300000,29,68836000,SRR6915193_2.fastq.gz,SRR6915193,553aebf8,261568000,51,DNA,1000,261568,True,0.9022753804663417,0.9836136125288358,0.9429444964975888,0.9836136125288358,False,4647,467247,1234244,d__Bacteria;p__Bacillota_A;c__Clostridia;o__Lachnospirales;f__Lachnospiraceae;g__Agathobacter;s__Agathobacter rectalis
1336000,0.005107658429165647,0.5127490039840638,0.004920326645461218,0.012093232780552306,11.597513597513597,11.0,6.3958703680552045,/tmp/nxf.XXXXCs2Y11/sourmash_database/gtdb-rs214-reps.k51.zip,"GCF_000154465.1 Alistipes putredinis DSM 17216 strain=DSM 17216, ASM15446v1",2f08d0845365d89ec7bf59fbef01de57,0.5322709163346614,1287000,30,67549000,SRR6915193_2.fastq.gz,SRR6915193,553aebf8,261568000,51,DNA,1000,261568,True,0.9017022917258444,0.9877113711348747,0.9447068314303595,0.9877113711348747,False,14926,482173,1234244,d__Bacteria;p__Bacteroidota;c__Bacteroidia;o__Bacteroidales;f__Rikenellaceae;g__Alistipes;s__Alistipes putredinis
1265000,0.004836218497675557,0.2565455652526893,0.0048323954000489356,0.001848094866169088,1.8045886075949367,1.0,1.1875985588932831,/tmp/nxf.XXXXCs2Y11/sourmash_database/gtdb-rs214-reps.k51.zip,"GCF_003697165.2 Escherichia coli DSM 30083 = JCM 1649 = ATCC 11775 strain=ATCC 11775, ASM369716v2",84efa859553c7c5d22f6f6377fa345fd,0.25674852851633856,1264000,31,66285000,SRR6915193_2.fastq.gz,SRR6915193,553aebf8,261568000,51,DNA,1000,261568,True,0.9007373159625022,0.9736922757160091,0.9372147958392556,0.9736922757160091,False,2281,484454,1234244,d__Bacteria;p__Pseudomonadota;c__Gammaproteobacteria;o__Enterobacterales;f__Enterobacteriaceae;g__Escherichia;s__Escherichia coli
1223000,0.004675648397357475,0.5574293527803099,0.004675648397357475,0.0024922138572275824,2.5151267375306623,2.0,1.6755346360865906,/tmp/nxf.XXXXCs2Y11/sourmash_database/gtdb-rs214-reps.k51.zip,"GCA_000433735.1 Clostridium sp. CAG:167, MGS167",144f970cdc22a7ea1d66a9619c36fbc1,0.5574293527803099,1223000,32,65062000,SRR6915193_2.fastq.gz,SRR6915193,553aebf8,261568000,51,DNA,1000,261568,True,0.9001411675520907,0.9886062006431933,0.944373684097642,0.9886062006431933,False,3076,487530,1234244,d__Bacteria;p__Bacillota_A;c__Clostridia;o__Lachnospirales;f__Lachnospiraceae;g__Eubacterium_F;s__Eubacterium_F sp000433735
1265000,0.004836218497675557,0.34925201380897586,0.004641240518717886,0.003236799206639854,3.290774299835255,2.0,4.405548833088036,/tmp/nxf.XXXXCs2Y11/sourmash_database/gtdb-rs214-reps.k51.zip,"GCF_000296465.1 Barnesiella intestinihominis YIT 11860 strain=YIT 11860, Barn_inte_YIT_11860_V1",d196529161357ff3df29b07d59ecfd62,0.3639240506329114,1214000,33,63848000,SRR6915193_2.fastq.gz,SRR6915193,553aebf8,261568000,51,DNA,1000,261568,True,0.9007373159625022,0.980375315540299,0.9405563157514005,0.980375315540299,False,3995,491525,1234244,d__Bacteria;p__Bacteroidota;c__Bacteroidia;o__Bacteroidales;f__Barnesiellaceae;g__Barnesiella;s__Barnesiella intestinihominis
1463000,0.005593191827746514,0.48214285714285715,0.0044386163445069736,0.0019631450507355108,2.086993970714901,1.0,2.903888748091099,/tmp/nxf.XXXXCs2Y11/sourmash_database/gtdb-rs214-reps.k51.zip,"GCF_001182045.1 Dakarella massiliensis strain=ND3, Dakarella massiliensis",09800077e27ff61ccc8d88df399389bb,0.6075581395348837,1161000,34,62687000,SRR6915193_2.fastq.gz,SRR6915193,553aebf8,261568000,51,DNA,1000,261568,True,0.9033092656072328,0.9902768450914505,0.9467930553493417,0.9902768450914505,False,2423,493948,1234244,d__Bacteria;p__Pseudomonadota;c__Gammaproteobacteria;o__Burkholderiales;f__Burkholderiaceae_A;g__Mesosutterella;s__Mesosutterella massiliensis
1155000,0.004415677758747247,0.5155615696887687,0.004369800587227795,0.002051458220578751,2.215223097112861,2.0,1.267762724470065,/tmp/nxf.XXXXCs2Y11/sourmash_database/gtdb-rs214-reps.k51.zip,"GCF_001025135.1 Bifidobacterium bifidum ATCC 29521 = JCM 1255 = DSM 20456 strain=JCM 1255, ASM102513v1",404c2d0a233dc79a88353930897b2669,0.5209742895805142,1143000,35,61544000,SRR6915193_2.fastq.gz,SRR6915193,553aebf8,261568000,51,DNA,1000,261568,True,0.8991320485780383,0.9872960017516943,0.9432140251648663,0.9872960017516943,False,2532,496480,1234244,d__Bacteria;p__Actinomycetota;c__Actinomycetia;o__Actinomycetales;f__Bifidobacteriaceae;g__Bifidobacterium;s__Bifidobacterium bifidum
1378000,0.005268228529483729,0.2923433874709977,0.004335392708588207,0.003402892782950535,3.7037037037037037,2.0,9.348364900764851,/tmp/nxf.XXXXCs2Y11/sourmash_database/gtdb-rs214-reps.k51.zip,"GCA_025145285.1 Alistipes onderdonkii strain=DSM 19147, ASM2514528v1",2de6e539bf1bbcefae850f4a041e233c,0.35524619747357566,1134000,36,60410000,SRR6915193_2.fastq.gz,SRR6915193,553aebf8,261568000,51,DNA,1000,261568,True,0.9022497221259874,0.9799114938043085,0.9410806079651479,0.9799114938043085,False,4200,500680,1234244,d__Bacteria;p__Bacteroidota;c__Bacteroidia;o__Bacteroidales;f__Rikenellaceae;g__Alistipes;s__Alistipes onderdonkii
1222000,0.004671825299730854,0.3400611620795107,0.004251284560802544,0.0021705594679820197,2.4091726618705036,2.0,3.142998734032568,/tmp/nxf.XXXXCs2Y11/sourmash_database/gtdb-rs214-reps.k51.zip,"GCA_018228645.1 Clostridiaceae bacterium Marseille-Q4143 strain=Marseille-Q4143, ASM1822864v1",a6e3f0ddb83c8ece408a2558b79a4b7a,0.37370030581039754,1112000,37,59298000,SRR6915193_2.fastq.gz,SRR6915193,553aebf8,261568000,51,DNA,1000,261568,True,0.9001267301809205,0.9808850309617798,0.9405058805713502,0.9808850309617798,False,2679,503359,1234244,d__Bacteria;p__Bacillota_A;c__Clostridia;o__Lachnospirales;f__Lachnospiraceae;g__Choladocola;s__Choladocola sp003481535
1171000,0.004476847320773183,0.37595024187975123,0.004159530217763641,0.002439550040348586,2.7674632352941178,2.0,3.9044384856665677,/tmp/nxf.XXXXCs2Y11/sourmash_database/gtdb-rs214-reps.k51.zip,"GCA_900112995.1 Lactobacillus rogosae strain=ATCC 27753, IMG-taxon 2597490368 annotated assembly",ed1efb2cfdd72a79a58a29bdfe7eb6ab,0.40463026952315134,1088000,38,58210000,SRR6915193_2.fastq.gz,SRR6915193,553aebf8,261568000,51,DNA,1000,261568,True,0.8993746308161524,0.9824156271699224,0.9408951289930374,0.9824156271699224,False,3011,506370,1234244,d__Bacteria;p__Bacillota_A;c__Clostridia;o__Lachnospirales;f__Lachnospiraceae;g__Lachnospira;s__Lachnospira rogosae
1320000,0.005046488867139712,0.3540701522170748,0.004090714460484463,0.005610722029031537,6.47196261682243,5.0,8.821207393914564,/tmp/nxf.XXXXCs2Y11/sourmash_database/gtdb-rs214-reps.k51.zip,"GCF_010509575.1 Faecalibacterium prausnitzii A2-165 strain=JCM 31915, ASM1050957v1",5136f6c0a3924e615495681fbaf7095d,0.4367968232958306,1070000,39,57140000,SRR6915193_2.fastq.gz,SRR6915193,553aebf8,261568000,51,DNA,1000,261568,True,0.901489296994772,0.9838902486613189,0.9426897728280454,0.9838902486613189,False,6925,513295,1234244,d__Bacteria;p__Bacillota_A;c__Clostridia;o__Oscillospirales;f__Ruminococcaceae;g__Faecalibacterium;s__Faecalibacterium duncaniae
1080000,0.004128945436750673,0.2749548620067062,0.004075422069977979,0.0014332660316760705,1.6594746716697937,1.0,2.28326756939447,/tmp/nxf.XXXXCs2Y11/sourmash_database/gtdb-rs214-reps.k51.zip,"GCA_003112755.1 Lawsonibacter asaccharolyticus strain=3BBH22, ASM311275v1",361208864dd572270a6b0d29d09d6bd1,0.27856590147020893,1066000,40,56074000,SRR6915193_2.fastq.gz,SRR6915193,553aebf8,261568000,51,DNA,1000,261568,True,0.8979491587547268,0.97525061847719,0.9365998886159583,0.97525061847719,False,1769,515064,1234244,d__Bacteria;p__Bacillota_A;c__Clostridia;o__Oscillospirales;f__Oscillospiraceae;g__Lawsonibacter;s__Lawsonibacter asaccharolyticus
1108000,0.00423599217029606,0.32329440688383526,0.004021898703205285,0.0015402140905688016,1.8070342205323193,1.0,2.7337191665785077,/tmp/nxf.XXXXCs2Y11/sourmash_database/gtdb-rs214-reps.k51.zip,"GCF_006542665.1 Alistipes communis strain=5CBH24, Acom_1.0",58355aca6226d242555a2554083bad09,0.3405039950829748,1052000,41,55022000,SRR6915193_2.fastq.gz,SRR6915193,553aebf8,261568000,51,DNA,1000,261568,True,0.8983999287240536,0.9790974640816033,0.9387486964028284,0.9790974640816033,False,1901,516965,1234244,d__Bacteria;p__Bacteroidota;c__Bacteroidia;o__Bacteroidales;f__Rikenellaceae;g__Alistipes;s__Alistipes communis
1256000,0.0048018106190359676,0.24481714418821338,0.004018075605578664,0.002490593432092844,2.924833491912464,2.0,5.802576763306439,/tmp/nxf.XXXXCs2Y11/sourmash_database/gtdb-rs214-reps.k51.zip,"GCA_003478355.1 Lachnospiraceae bacterium AM48-27BH strain=AM48-27BH, ASM347835v1",433e1a68da6bde78326b87e03c84a2e5,0.29256929885860705,1051000,42,53971000,SRR6915193_2.fastq.gz,SRR6915193,553aebf8,261568000,51,DNA,1000,261568,True,0.9006112206091358,0.9761889718885365,0.9384000962488361,0.9761889718885365,False,3074,520039,1234244,d__Bacteria;p__Bacillota_A;c__Clostridia;o__Lachnospirales;f__Lachnospiraceae;g__UBA3402;s__UBA3402 sp003478355
1063000,0.004063952777098116,0.3959199093313185,0.004006606312698801,0.01984858747541005,23.375954198473284,22.0,8.665203845108984,/tmp/nxf.XXXXCs2Y11/sourmash_database/gtdb-rs214-reps.k51.zip,"GCA_000434235.1 Alistipes sp. CAG:268, MGS268",681ede2914dbd0fd440c5298cddc77fa,0.4015867019267095,1048000,43,52923000,SRR6915193_2.fastq.gz,SRR6915193,553aebf8,261568000,51,DNA,1000,261568,True,0.897669853005087,0.9822701964971163,0.9399700247511016,0.9822701964971163,False,24498,544537,1234244,d__Bacteria;p__Bacteroidota;c__Bacteroidia;o__Bacteroidales;f__Rikenellaceae;g__Alistipes;s__Alistipes avistercoris
1393000,0.005325574993883044,0.2823855755894591,0.003891913383900171,0.0016479723620289018,1.9980353634577603,1.0,3.390150426206102,/tmp/nxf.XXXXCs2Y11/sourmash_database/gtdb-rs214-reps.k51.zip,"GCF_003478035.1 Clostridium sp. OF03-18AA strain=OF03-18AA, ASM347803v1",86ff0e7697688dce4a633d3f845b8f4e,0.3864077669902913,1018000,44,51905000,SRR6915193_2.fastq.gz,SRR6915193,553aebf8,261568000,51,DNA,1000,261568,True,0.9024412763132086,0.9815283763951751,0.9419848263541919,0.9815283763951751,False,2034,546571,1234244,d__Bacteria;p__Bacillota_A;c__Clostridia;o__Lachnospirales;f__Lachnospiraceae;g__Copromonas;s__Copromonas sp900066785
1183000,0.004522724492292635,0.32487838776928424,0.0035745962808906287,0.016051931384718096,21.189304812834223,20.0,12.617596279813013,/tmp/nxf.XXXXCs2Y11/sourmash_database/gtdb-rs214-reps.k51.zip,"GCF_020687245.1 Faecalibacterium longum CLA-AA-H243 strain=CLA-AA-H243, ASM2068724v1",e1ff3e2f54ab82a776eb959bb6aa8673,0.41104933981931896,935000,45,50970000,SRR6915193_2.fastq.gz,SRR6915193,553aebf8,261568000,51,DNA,1000,261568,True,0.8995544443652674,0.9827188651468266,0.941136654756047,0.9827188651468266,False,19812,566383,1234244,d__Bacteria;p__Bacillota_A;c__Clostridia;o__Oscillospirales;f__Ruminococcaceae;g__Faecalibacterium;s__Faecalibacterium longum
943000,0.0036051810619035967,0.21073420074349442,0.003467549547345241,0.0012355741652379918,1.681367144432194,1.0,1.528456682023172,/tmp/nxf.XXXXCs2Y11/sourmash_database/gtdb-rs214-reps.k51.zip,"GCF_000190535.1 Odoribacter splanchnicus DSM 20712 strain=DSM 220712, ASM19053v1",903d4323f292a4facda7c7138f35e12d,0.2190985130111524,907000,46,50063000,SRR6915193_2.fastq.gz,SRR6915193,553aebf8,261568000,51,DNA,1000,261568,True,0.8955639628846378,0.970669450310631,0.9331167065976345,0.970669450310631,False,1525,567908,1234244,d__Bacteria;p__Bacteroidota;c__Bacteroidia;o__Bacteroidales;f__Marinifilaceae;g__Odoribacter;s__Odoribacter splanchnicus
869000,0.0033222718375336435,0.2332242225859247,0.0032687484707609495,0.0010824439900052178,1.5625730994152047,1.0,2.1533062675995205,/tmp/nxf.XXXXCs2Y11/sourmash_database/gtdb-rs214-reps.k51.zip,"GCF_900129655.1 Bacteroides clarus YIT 12056 strain=YIT 12056, IMG-taxon 2695420967 annotated assembly",eef5c104e47b66d2c40e62a552d9325e,0.23704309874522642,855000,47,49208000,SRR6915193_2.fastq.gz,SRR6915193,553aebf8,261568000,51,DNA,1000,261568,True,0.8941300470618997,0.9721688738906692,0.9331494604762844,0.9721688738906692,False,1336,569244,1234244,d__Bacteria;p__Bacteroidota;c__Bacteroidia;o__Bacteroidales;f__Bacteroidaceae;g__Bacteroides;s__Bacteroides clarus
971000,0.0037122277954489847,0.22530699412706887,0.0032266943968681182,0.0012939094700885724,1.8921800947867298,1.0,6.5334709126633435,/tmp/nxf.XXXXCs2Y11/sourmash_database/gtdb-rs214-reps.k51.zip,"GCF_003473545.1 Clostridium sp. AM22-11AC strain=AM22-11AC, ASM347354v1",50efc7fa47c0997c24a73c521b04bdd3,0.2592098238120662,844000,48,48364000,SRR6915193_2.fastq.gz,SRR6915193,553aebf8,261568000,51,DNA,1000,261568,True,0.896077921440812,0.973874444741969,0.9349761830913905,0.973874444741969,False,1597,570841,1234244,d__Bacteria;p__Bacillota_A;c__Clostridia;o__Lachnospirales;f__Lachnospiraceae;g__Enterocloster;s__Enterocloster sp000431375
844000,0.0032266943968681182,0.343265306122449,0.0032152251039882554,0.0014948421867961277,2.1938168846611177,2.0,1.34323860494773,/tmp/nxf.XXXXCs2Y11/sourmash_database/gtdb-rs214-reps.k51.zip,"GCF_016901815.1 Hydrogenoanaerobacterium saccharovorans strain=An564, ASM1690181v1",6a999d6f30571dfd3d15af80fd0a2aad,0.34448979591836737,841000,49,47523000,SRR6915193_2.fastq.gz,SRR6915193,553aebf8,261568000,51,DNA,1000,261568,True,0.8936184244742743,0.9793209083181741,0.9364696663962242,0.9793209083181741,False,1845,572686,1234244,d__Bacteria;p__Bacillota_A;c__Clostridia;o__Oscillospirales;f__Ruminococcaceae;g__Avimicrobium;s__Avimicrobium caecorum
845000,0.0032305174944947395,0.1749271137026239,0.0032114020063616347,0.0008328985192555118,1.223809523809524,1.0,0.5915313153605262,/tmp/nxf.XXXXCs2Y11/sourmash_database/gtdb-rs214-reps.k51.zip,"GCF_000735375.1 Hafnia alvei ATCC 13337 strain=ATCC 13337, GHAL_DRAFTv1",8e90c30a7926e542dc0e2fe2ecfcfdd1,0.17596834652228238,840000,50,46683000,SRR6915193_2.fastq.gz,SRR6915193,553aebf8,261568000,51,DNA,1000,261568,True,0.8936391730063706,0.9665060993467514,0.930072636176561,0.9665060993467514,False,1028,573714,1234244,d__Bacteria;p__Pseudomonadota;c__Gammaproteobacteria;o__Enterobacterales;f__Enterobacteriaceae;g__Hafnia;s__Hafnia alvei
848000,0.0032419867873746022,0.3351195383347073,0.0031081783704428674,0.0013554856252086297,2.057810578105781,1.0,4.562303816783892,/tmp/nxf.XXXXCs2Y11/sourmash_database/gtdb-rs214-reps.k51.zip,"GCA_900539695.1 uncultured Ruminococcaceae bacterium, UMGS168",647cc15ec7adb7648c056fd8c58d5d73,0.34954657873042044,813000,51,45870000,SRR6915193_2.fastq.gz,SRR6915193,553aebf8,261568000,51,DNA,1000,261568,True,0.893701274473224,0.9796007720672087,0.9366510232702163,0.9796007720672087,False,1673,575387,1234244,d__Bacteria;p__Bacillota_A;c__Clostridia;o__Oscillospirales;f__Ruminococcaceae;g__Gemmiger;s__Gemmiger sp900539695
1038000,0.0039683753364325915,0.12051649928263988,0.002890261805725471,0.000917160626261906,1.4973544973544974,1.0,2.097174563421915,/tmp/nxf.XXXXCs2Y11/sourmash_database/gtdb-rs214-reps.k51.zip,"GCF_000011065.1 Bacteroides thetaiotaomicron VPI-5482 strain=VPI-5482, ASM1106v1",36e5cf9f0e4c0a0411f3300c5364f87f,0.16547106647537063,756000,52,45114000,SRR6915193_2.fastq.gz,SRR6915193,553aebf8,261568000,51,DNA,1000,261568,True,0.8972510501961544,0.9653411619724537,0.931296106084304,0.9653411619724537,False,1132,576519,1234244,d__Bacteria;p__Bacteroidota;c__Bacteroidia;o__Bacteroidales;f__Bacteroidaceae;g__Bacteroides;s__Bacteroides thetaiotaomicron
764000,0.002920846586738439,0.3652636671504596,0.00288643870809885,0.0009884593321903934,1.6158940397350994,1.0,0.9957587353225167,/tmp/nxf.XXXXCs2Y11/sourmash_database/gtdb-rs214-reps.k51.zip,"GCF_000010425.1 Bifidobacterium adolescentis ATCC 15703 strain=ATCC 15703, ASM1042v1",b0e4a396e8e45e93a40b880914038134,0.36961780358006774,755000,53,44359000,SRR6915193_2.fastq.gz,SRR6915193,553aebf8,261568000,51,DNA,1000,261568,True,0.8918752107368915,0.98067378557137,0.9362744981541307,0.98067378557137,False,1220,577739,1234244,d__Bacteria;p__Actinomycetota;c__Actinomycetia;o__Actinomycetales;f__Bifidobacteriaceae;g__Bifidobacterium;s__Bifidobacterium adolescentis
956000,0.00365488133104967,0.22787542399013258,0.0028252691460729142,0.0011359180194515832,1.8971583220568335,1.0,2.35662887150105,/tmp/nxf.XXXXCs2Y11/sourmash_database/gtdb-rs214-reps.k51.zip,"GCF_003024715.1 Lachnoclostridium sp. SNUG30386 strain=SNUG30386, ASM302471v1",f96d0bd7faefddb572480835d902e5a6,0.2947887758248535,739000,54,43620000,SRR6915193_2.fastq.gz,SRR6915193,553aebf8,261568000,51,DNA,1000,261568,True,0.8958044212543507,0.9763336409490656,0.9360690311017081,0.9763336409490656,False,1402,579141,1234244,d__Bacteria;p__Bacillota_A;c__Clostridia;o__Lachnospirales;f__Lachnospiraceae;g__Clostridium_Q;s__Clostridium_Q fessum
731000,0.0027946843650599462,0.3203159280386134,0.002790861267433325,0.0008620661716808022,1.4575342465753425,1.0,0.7703259954318892,/tmp/nxf.XXXXCs2Y11/sourmash_database/gtdb-rs214-reps.k51.zip,"GCA_944387035.1 uncultured Oscillospiraceae bacterium, BRZ_EH__bin138",7bb24dd6c0d7cce1c19af2b23bdec253,0.32075471698113206,730000,55,42890000,SRR6915193_2.fastq.gz,SRR6915193,553aebf8,261568000,51,DNA,1000,261568,True,0.8911033850570464,0.9779510530309182,0.9345272190439824,0.9779510530309182,False,1064,580205,1234244,d__Bacteria;p__Bacillota_A;c__Clostridia;o__Oscillospirales;f__Oscillospiraceae;g__Dysosmobacter;s__Dysosmobacter sp944387035
726000,0.002775568876926841,0.34772182254196643,0.00277174577930022,0.001028159747991483,1.7503448275862068,1.0,1.1066023886704641,/tmp/nxf.XXXXCs2Y11/sourmash_database/gtdb-rs214-reps.k51.zip,"GCA_900552475.1 uncultured Clostridiales bacterium, UMGS1515",953dcca4bdab841cc26e4736204230d1,0.34820143884892085,725000,56,42165000,SRR6915193_2.fastq.gz,SRR6915193,553aebf8,261568000,51,DNA,1000,261568,True,0.8909834707926524,0.9795267157863711,0.9352550932895117,0.9795267157863711,False,1269,581474,1234244,d__Bacteria;p__Bacillota_A;c__Clostridia;o__Oscillospirales;f__Oscillospiraceae;g__Vescimonas;s__Vescimonas sp900552475
884000,0.0033796183019329583,0.20350985221674878,0.0025270675311964766,0.0011739980101179346,2.1921331316187596,1.0,4.052342684037474,/tmp/nxf.XXXXCs2Y11/sourmash_database/gtdb-rs214-reps.k51.zip,"GCA_003480725.1 Clostridiaceae bacterium AM27-36LB strain=AM27-36LB, ASM348072v1",975cef6c486d0603c26c5b56cccc2807,0.27216748768472904,661000,57,41504000,SRR6915193_2.fastq.gz,SRR6915193,553aebf8,261568000,51,DNA,1000,261568,True,0.8944301383041705,0.9748063683345646,0.9346182533193675,0.9748063683345646,False,1449,582923,1234244,d__Bacteria;p__Bacillota_A;c__Clostridia;o__Lachnospirales;f__Lachnospiraceae;g__Choladocola;s__Choladocola sp003480725
628000,0.0024009053095179838,0.13181242078580482,0.0023856129190114998,0.0009074380754534759,1.794871794871795,1.0,5.625853722926732,/tmp/nxf.XXXXCs2Y11/sourmash_database/gtdb-rs214-reps.k51.zip,"GCA_025148635.1 Butyricimonas virosa strain=DSM 23226, ASM2514863v1",f1e48f4468897441260545c7b17e1afc,0.13265737220109844,624000,58,40880000,SRR6915193_2.fastq.gz,SRR6915193,553aebf8,261568000,51,DNA,1000,261568,True,0.8884537086190721,0.9611665641559483,0.9248101363875102,0.9611665641559483,False,1120,584043,1234244,d__Bacteria;p__Bacteroidota;c__Bacteroidia;o__Bacteroidales;f__Marinifilaceae;g__Butyricimonas;s__Butyricimonas virosa
705000,0.0026952838267678,0.21080322693791653,0.002297681673599217,0.0009066278628861068,1.8618968386023294,1.0,4.83221604196387,/tmp/nxf.XXXXCs2Y11/sourmash_database/gtdb-rs214-reps.k51.zip,"GCA_003096535.1 Agathobaculum butyriciproducens strain=DSM 100391, ASM309653v1",f95593bb2ec2b82c10cb0d4ba8cefe38,0.24728165555945283,601000,59,40279000,SRR6915193_2.fastq.gz,SRR6915193,553aebf8,261568000,51,DNA,1000,261568,True,0.8904708274317823,0.9729752699071964,0.9317230486694894,0.9729752699071964,False,1119,585162,1234244,d__Bacteria;p__Bacillota_A;c__Clostridia;o__Oscillospirales;f__Butyricicoccaceae;g__Agathobaculum;s__Agathobaculum butyriciproducens
939000,0.0035898886713971127,0.22094744633604738,0.002282389283092733,0.0021705594679820197,4.4874371859296485,2.0,6.721693645115397,/tmp/nxf.XXXXCs2Y11/sourmash_database/gtdb-rs214-reps.k51.zip,"GCF_023347535.1 Faecalibacterium sp. HTFF strain=HTFF, ASM2334753v1",b856be3bf596906f871150b46d2f180f,0.347520355292376,597000,60,39682000,SRR6915193_2.fastq.gz,SRR6915193,553aebf8,261568000,51,DNA,1000,261568,True,0.895489321556875,0.9794891119032302,0.9374892167300526,0.9794891119032302,False,2679,587841,1234244,d__Bacteria;p__Bacillota_A;c__Clostridia;o__Oscillospirales;f__Ruminococcaceae;g__Faecalibacterium;s__Faecalibacterium sp900539885
3258000,0.012455652067531197,0.14875409010823057,0.002259450697333007,0.003833925868790936,8.006768189509307,5.0,9.72776417353835,/tmp/nxf.XXXXCs2Y11/sourmash_database/gtdb-rs214-reps.k51.zip,"GCA_900760795.1 Bacteroidaceae bacterium, SRS021948_34",d1db19c7390bdd0d48d0186cf7ff78fb,0.8200352378555248,591000,61,39091000,SRR6915193_2.fastq.gz,SRR6915193,553aebf8,261568000,51,DNA,1000,261568,True,0.9176017739159992,0.99611720532938,0.9568594896226896,0.99611720532938,False,4732,592573,1234244,d__Bacteria;p__Bacteroidota;c__Bacteroidia;o__Bacteroidales;f__Bacteroidaceae;g__Phocaeicola;s__Phocaeicola sp900760795
579000,0.0022135735258135554,0.3074468085106383,0.002209750428186934,0.0013498141372370455,2.8823529411764706,3.0,1.6720788710061054,/tmp/nxf.XXXXCs2Y11/sourmash_database/gtdb-rs214-reps.k51.zip,"GCA_000436335.1 Clostridium sp. CAG:217, MGS217",652326cbc9a7d4826b1c7880ac5dc725,0.3079787234042553,578000,62,38513000,SRR6915193_2.fastq.gz,SRR6915193,553aebf8,261568000,51,DNA,1000,261568,True,0.8870396209304099,0.9771719555532923,0.9321057882418511,0.9771719555532923,False,1666,594239,1234244,d__Bacteria;p__Bacillota_A;c__Clostridia;o__Oscillospirales;f__Acutalibacteraceae;g__CAG-217;s__CAG-217 sp000436335
1137000,0.0043468620014680695,0.09872721018231854,0.00219445803768045,0.0011918226866000565,2.562717770034843,1.0,4.7993252575039005,/tmp/nxf.XXXXCs2Y11/sourmash_database/gtdb-rs214-reps.k51.zip,"GCF_000210075.1 Bacteroides xylanisolvens XB1A strain=XB1A, ASM21007v1",6bf3ff1d807c2ab1988e6b3c386a7cec,0.195562435500516,574000,63,37939000,SRR6915193_2.fastq.gz,SRR6915193,553aebf8,261568000,51,DNA,1000,261568,True,0.8988551738977464,0.968508944718407,0.9336820593080767,0.968508944718407,False,1471,595710,1234244,d__Bacteria;p__Bacteroidota;c__Bacteroidia;o__Bacteroidales;f__Bacteroidaceae;g__Bacteroides;s__Bacteroides xylanisolvens
622000,0.0023779667237582578,0.14715359828141783,0.0020950574993883046,0.0006927317451006446,1.5602189781021898,1.0,2.4123362898663725,/tmp/nxf.XXXXCs2Y11/sourmash_database/gtdb-rs214-reps.k51.zip,"GCF_001487165.1 Blautia massiliensis strain=GD9, Blautia massiliensis1",26a084514a434ed691fd39a9b849e9f4,0.16702470461868957,548000,64,37391000,SRR6915193_2.fastq.gz,SRR6915193,553aebf8,261568000,51,DNA,1000,261568,True,0.8882864847288457,0.9655180699206232,0.9269022773247344,0.9655180699206232,False,855,596565,1234244,d__Bacteria;p__Bacillota_A;c__Clostridia;o__Lachnospirales;f__Lachnospiraceae;g__Blautia_A;s__Blautia_A massiliensis
556000,0.002125642280401272,0.17608624632473047,0.0020606496207487154,0.0006084696380942504,1.3933209647495362,1.0,0.6873032934624015,/tmp/nxf.XXXXCs2Y11/sourmash_database/gtdb-rs214-reps.k51.zip,"GCF_009696065.1 Lachnospiraceae bacterium BSM-380-WT-5A strain=BSM-380-WT-5A, ASM969606v1",73677b2e91ab00f52564bad2dbf630bb,0.18163998693237504,539000,65,36852000,SRR6915193_2.fastq.gz,SRR6915193,553aebf8,261568000,51,DNA,1000,261568,True,0.8863348926573792,0.9671074627133125,0.9267211776853459,0.9671074627133125,False,751,597316,1234244,d__Bacteria;p__Bacillota_A;c__Clostridia;o__Lachnospirales;f__Lachnospiraceae;g__Oliverpabstia;s__Oliverpabstia intestinalis
554000,0.00211799608514803,0.18710359408033828,0.0020300648397357473,0.0008061615045323291,1.8738229755178908,1.0,2.7523474450556775,/tmp/nxf.XXXXCs2Y11/sourmash_database/gtdb-rs214-reps.k51.zip,"GCF_000723465.1 Ruminococcus bicirculans strain=80/3, Rb803",70a947f02b8a53314791d97d0ad7467e,0.1952078928823115,531000,66,36321000,SRR6915193_2.fastq.gz,SRR6915193,553aebf8,261568000,51,DNA,1000,261568,True,0.8862722673587559,0.9684744857147352,0.9273733765367456,0.9684744857147352,False,995,598311,1234244,d__Bacteria;p__Bacillota_A;c__Clostridia;o__Oscillospirales;f__Ruminococcaceae;g__Ruminococcus_D;s__Ruminococcus_D bicirculans
633000,0.002420020797651089,0.21044176706827308,0.0020033031563494006,0.0006627538801079852,1.5610687022900764,1.0,1.9057194958352903,/tmp/nxf.XXXXCs2Y11/sourmash_database/gtdb-rs214-reps.k51.zip,"GCF_003865035.1 Anaerotignum faecicola strain=KCTC 15736, ASM386503v1",d775a586ddd3ad1c0d4170f8396a304f,0.25421686746987954,524000,67,35797000,SRR6915193_2.fastq.gz,SRR6915193,553aebf8,261568000,51,DNA,1000,261568,True,0.8885918696558877,0.9735031036632353,0.9310474866595615,0.9735031036632353,False,818,599129,1234244,d__Bacteria;p__Bacillota_A;c__Clostridia;o__Lachnospirales;f__Anaerotignaceae;g__Anaerotignum;s__Anaerotignum faecicola
612000,0.0023397357474920478,0.1468590831918506,0.0019841876682162958,0.0012517784165853754,2.976878612716763,1.0,5.966464169719002,/tmp/nxf.XXXXCs2Y11/sourmash_database/gtdb-rs214-reps.k51.zip,"GCF_005121165.3 Dysosmobacter welbionis strain=J115, ASM512116v3",09a34dca3e142e3d9e58ce200e89b31c,0.1731748726655348,519000,68,35278000,SRR6915193_2.fastq.gz,SRR6915193,553aebf8,261568000,51,DNA,1000,261568,True,0.8880042319582431,0.9662028872294127,0.927103559593828,0.9662028872294127,False,1545,600674,1234244,d__Bacteria;p__Bacillota_A;c__Clostridia;o__Oscillospirales;f__Oscillospiraceae;g__Dysosmobacter;s__Dysosmobacter welbionis
524000,0.0020033031563494006,0.15782907049282596,0.0019344873990702228,0.0006643743052427235,1.6205533596837944,1.0,1.5148450168312126,/tmp/nxf.XXXXCs2Y11/sourmash_database/gtdb-rs214-reps.k51.zip,"GCA_003460745.1 Firmicutes bacterium AM55-24TS strain=AM55-24TS, ASM346074v1",80420d374bef48c7644cd7f87f70f8f9,0.16344354335620712,506000,69,34772000,SRR6915193_2.fastq.gz,SRR6915193,553aebf8,261568000,51,DNA,1000,261568,True,0.885305316051842,0.965107828897841,0.9252065724748415,0.965107828897841,False,820,601494,1234244,d__Bacteria;p__Bacillota_A;c__Clostridia;o__UBA1381;f__UBA1381;g__CAG-41;s__CAG-41 sp900066215
668000,0.0025538292145828234,0.14093583636873075,0.0019230181061903598,0.0007016440833417056,1.7216699801192843,1.0,3.2236186639689977,/tmp/nxf.XXXXCs2Y11/sourmash_database/gtdb-rs214-reps.k51.zip,"GCF_003478505.1 Clostridium sp. AF27-2AA strain=AF27-2AA, ASM347850v1",b10dd0b114052058cb5fbad68d74b337,0.1871672737461474,503000,70,34269000,SRR6915193_2.fastq.gz,SRR6915193,553aebf8,261568000,51,DNA,1000,261568,True,0.8895300511715791,0.9676760632290762,0.9286030572003277,0.9676760632290762,False,866,602360,1234244,d__Bacteria;p__Bacillota_A;c__Clostridia;o__Lachnospirales;f__Lachnospiraceae;g__Ventrimonas;s__Ventrimonas sp003478505
625000,0.002389436016638121,0.1562111801242236,0.0019230181061903598,0.0006838194068595837,1.6779324055666005,1.0,2.58448692459897,/tmp/nxf.XXXXCs2Y11/sourmash_database/gtdb-rs214-reps.k51.zip,"GCF_020687205.1 Hominisplanchenecus faecis strain=CLA-AA-H246, ASM2068720v1",0a411542971e35712722644c0bed8e6b,0.19409937888198758,503000,71,33766000,SRR6915193_2.fastq.gz,SRR6915193,553aebf8,261568000,51,DNA,1000,261568,True,0.8883702934087102,0.9683663488940873,0.9283683211513988,0.9683663488940873,False,844,603204,1234244,d__Bacteria;p__Bacillota_A;c__Clostridia;o__Lachnospirales;f__Lachnospiraceae;g__Hominisplanchenecus;s__Hominisplanchenecus faecis
1073000,0.0041021837533643255,0.15289925494007126,0.001804502079765109,0.0056479918071305184,14.76906779661017,11.0,16.728504319218604,/tmp/nxf.XXXXCs2Y11/sourmash_database/gtdb-rs214-reps.k51.zip,"GCF_023347235.1 Faecalibacterium sp. I4179 strain=I4179, ASM2334723v1",907fa411823bfbb5be9253d5f9643455,0.3475866537091027,472000,72,33294000,SRR6915193_2.fastq.gz,SRR6915193,553aebf8,261568000,51,DNA,1000,261568,True,0.8978346761711806,0.9794927755343152,0.9386637258527479,0.9794927755343152,False,6971,610175,1234244,d__Bacteria;p__Bacillota_A;c__Clostridia;o__Oscillospirales;f__Ruminococcaceae;g__Faecalibacterium;s__Faecalibacterium prausnitzii_A
751000,0.0028711463175923662,0.06575185820468839,0.001758624908245657,0.0008158840553407592,2.1891304347826086,1.0,3.1466150384783442,/tmp/nxf.XXXXCs2Y11/sourmash_database/gtdb-rs214-reps.k51.zip,"GCA_900557355.1 uncultured Bacteroides sp., UMGS2042",26cd6f99620cbd40a9534fcb50c2c063,0.107347055460263,460000,73,32834000,SRR6915193_2.fastq.gz,SRR6915193,553aebf8,261568000,51,DNA,1000,261568,True,0.8915751340743509,0.9571850018439734,0.924380067959162,0.9571850018439734,False,1007,611182,1234244,d__Bacteria;p__Bacteroidota;c__Bacteroidia;o__Bacteroidales;f__Bacteroidaceae;g__Bacteroides;s__Bacteroides sp900557355
716000,0.0027373379006606314,0.1333721607454863,0.001750978712992415,0.000958481467197734,2.5829694323144103,1.0,4.863047358438877,/tmp/nxf.XXXXCs2Y11/sourmash_database/gtdb-rs214-reps.k51.zip,"GCA_902362725.1 Clostridiaceae bacterium, MGYG-HGUT-00051",e9b4c4dc99faf439ac298b177b82de44,0.20850320326150262,458000,74,32376000,SRR6915193_2.fastq.gz,SRR6915193,553aebf8,261568000,51,DNA,1000,261568,True,0.8907411938330264,0.9697265120128331,0.9302338529229297,0.9697265120128331,False,1183,612365,1234244,d__Bacteria;p__Bacillota_A;c__Clostridia;o__Lachnospirales;f__Lachnospiraceae;g__Merdisoma;s__Merdisoma sp900066385
2310000,0.008831355517494494,0.13751507840772015,0.001743332517739173,0.003582759972906492,9.697368421052632,6.0,11.268866912686692,/tmp/nxf.XXXXCs2Y11/sourmash_database/gtdb-rs214-reps.k51.zip,"GCA_019414725.1 Bacteroides sp., ASM1941472v1",64c46002555414dcc8eeb8f014050549,0.6966224366706876,456000,75,31920000,SRR6915193_2.fastq.gz,SRR6915193,553aebf8,261568000,51,DNA,1000,261568,True,0.9114356819077123,0.9929365989555224,0.9521861404316174,0.9929365989555224,False,4422,616787,1234244,d__Bacteria;p__Bacteroidota;c__Bacteroidia;o__Bacteroidales;f__Bacteroidaceae;g__Phocaeicola;s__Phocaeicola sp019414725
1145000,0.0043774467824810375,0.12653177543459676,0.0016974553462197211,0.0007024542959090747,1.9527027027027026,1.0,1.30488233976222,/tmp/nxf.XXXXCs2Y11/sourmash_database/gtdb-rs214-reps.k51.zip,"GCF_003480435.1 Clostridium sp. AM30-24 strain=AM30-24, ASM348043v1",af9e5877828296660ea78f204717ba9e,0.32630379025363354,444000,76,31476000,SRR6915193_2.fastq.gz,SRR6915193,553aebf8,261568000,51,DNA,1000,261568,True,0.8989787559837855,0.9782800088137448,0.9386293823987651,0.9782800088137448,False,867,617654,1234244,d__Bacteria;p__Bacillota_A;c__Clostridia;o__Lachnospirales;f__Lachnospiraceae;g__Copromonas;s__Copromonas sp900066055
449000,0.0017165708343528261,0.11983122362869199,0.0016286395889405431,0.00042536159786881687,1.232394366197183,1.0,0.9419699637198735,/tmp/nxf.XXXXCs2Y11/sourmash_database/gtdb-rs214-reps.k51.zip,"GCF_900120005.1 Holdemania sp. Marseille-P2844 strain=Marseille-P2844, PRJEB18022",931d1d3b5a3ca1da0521baa38f41b051,0.12630098452883262,426000,77,31050000,SRR6915193_2.fastq.gz,SRR6915193,553aebf8,261568000,51,DNA,1000,261568,True,0.8826279600046365,0.9602416165846498,0.9214347882946432,0.9602416165846498,False,525,618179,1234244,d__Bacteria;p__Bacillota;c__Bacilli;o__Erysipelotrichales;f__Erysipelotrichaceae;g__Holdemania;s__Holdemania sp900120005
517000,0.0019765414729630538,0.16190848650762613,0.0015827624174210913,0.0006911113199659062,2.0603864734299515,1.0,3.011848718126432,/tmp/nxf.XXXXCs2Y11/sourmash_database/gtdb-rs214-reps.k51.zip,"GCF_018408575.1 Oscillibacter sp. MM50 strain=MM50, ASM1840857v1",e6e6d5e92963e67195839cba6e2f7cae,0.20219006648416113,414000,78,30636000,SRR6915193_2.fastq.gz,SRR6915193,553aebf8,261568000,51,DNA,1000,261568,True,0.8850718899126104,0.9691420719107294,0.9271069809116699,0.9691420719107294,False,853,619032,1234244,d__Bacteria;p__Bacillota_A;c__Clostridia;o__Oscillospirales;f__Oscillospiraceae;g__Vescimonas;s__Vescimonas coprocola
435000,0.0016630474675801321,0.15347091932457785,0.0015636469292879863,0.00042860244813829355,1.293398533007335,1.0,0.5867155607616877,/tmp/nxf.XXXXCs2Y11/sourmash_database/gtdb-rs214-reps.k51.zip,"GCA_014385265.1 Lachnospiraceae bacterium BX10 strain=BX10, ASM1438526v1",617726c9ccfa69a4c6423d5273792dad,0.16322701688555347,409000,79,30227000,SRR6915193_2.fastq.gz,SRR6915193,553aebf8,261568000,51,DNA,1000,261568,True,0.8820799169001755,0.9650827429175285,0.923581329908852,0.9650827429175285,False,529,619561,1234244,d__Bacteria;p__Bacillota_A;c__Clostridia;o__Lachnospirales;f__Lachnospiraceae;g__Copromonas;s__Copromonas sp000435795
708000,0.0027067531196476634,0.13612565445026178,0.0014910080743821875,0.0015264404769235256,4.8307692307692305,1.0,9.627262407328788,/tmp/nxf.XXXXCs2Y11/sourmash_database/gtdb-rs214-reps.k51.zip,"GCF_003287455.1 Faecalibacterium prausnitzii strain=APC922/41-1, ASM328745v1",5119c8b56a74125fb9f68b12c2037b01,0.24712041884816754,390000,80,29837000,SRR6915193_2.fastq.gz,SRR6915193,553aebf8,261568000,51,DNA,1000,261568,True,0.8905449716586747,0.9729628264084943,0.9317538990335845,0.9729628264084943,False,1884,621445,1234244,d__Bacteria;p__Bacillota_A;c__Clostridia;o__Oscillospirales;f__Ruminococcaceae;g__Faecalibacterium;s__Faecalibacterium hattorii
518000,0.0019803645705896745,0.0954612728169709,0.0014795387815023245,0.00046182116340042975,1.4728682170542635,1.0,2.0144600755711064,/tmp/nxf.XXXXCs2Y11/sourmash_database/gtdb-rs214-reps.k51.zip,"GCA_018223435.1 Lachnospiraceae bacterium Marseille-Q4251 strain=Marseille-Q4251, ASM1822343v1",5b7102c1db11e707bc7dfa1da48d660f,0.12777503700049334,387000,81,29450000,SRR6915193_2.fastq.gz,SRR6915193,553aebf8,261568000,51,DNA,1000,261568,True,0.8851054255357242,0.9604601127830323,0.9227827691593783,0.9604601127830323,False,570,622015,1234244,d__Bacteria;p__Bacillota_A;c__Clostridia;o__Lachnospirales;f__Lachnospiraceae;g__Limivivens;s__Limivivens sp900543575
525000,0.0020071262539760213,0.14652157015157405,0.0014413078052361145,0.0005630977343215766,1.843501326259947,1.0,5.662892049245162,/tmp/nxf.XXXXCs2Y11/sourmash_database/gtdb-rs214-reps.k51.zip,"GCA_020555605.1 bacterium 210917-SL.2.15 strain=SL.2.15, ASM2055560v1",f4659b5d09bbafd3ecda85bc30e1a792,0.20404197434900895,377000,82,29073000,SRR6915193_2.fastq.gz,SRR6915193,553aebf8,261568000,51,DNA,1000,261568,True,0.88533841282496,0.9693153462686126,0.9273268795467863,0.9693153462686126,False,695,622710,1234244,d__Bacteria;p__Bacillota_A;c__Clostridia;o__Oscillospirales;f__Oscillospiraceae;g__Pseudoscilispira;s__Pseudoscilispira sp020555605
522000,0.0019956569610961586,0.09135319980459208,0.0014298385123562515,0.00040753692138669503,1.3449197860962567,1.0,1.4222311946747044,/tmp/nxf.XXXXCs2Y11/sourmash_database/gtdb-rs214-reps.k51.zip,"GCF_020554845.1 Blautia faecis strain=DFI.3.66, ASM2055484v1",966f2aea56b388fc36102b75054e49d4,0.12750366389838788,374000,83,28699000,SRR6915193_2.fastq.gz,SRR6915193,553aebf8,261568000,51,DNA,1000,261568,True,0.8852389363266814,0.960420073851229,0.9228295050889552,0.960420073851229,False,503,623213,1234244,d__Bacteria;p__Bacillota_A;c__Clostridia;o__Lachnospirales;f__Lachnospiraceae;g__Blautia_A;s__Blautia_A faecis
377000,0.0014413078052361145,0.17222222222222222,0.0014221923171030095,0.00039619394544352656,1.314516129032258,1.0,0.8862777255065714,/tmp/nxf.XXXXCs2Y11/sourmash_database/gtdb-rs214-reps.k51.zip,"GCA_000980495.1 Acinetobacter sp. N54.MGS-139, ASM98049v1",32323b38ef01fbce652a3b69a0a21c55,0.17453703703703705,372000,84,28327000,SRR6915193_2.fastq.gz,SRR6915193,553aebf8,261568000,51,DNA,1000,261568,True,0.879608358928571,0.9663513350011967,0.9229798469648839,0.9663513350011967,False,489,623702,1234244,d__Bacteria;p__Pseudomonadota;c__Gammaproteobacteria;o__Burkholderiales;f__Burkholderiaceae_A;g__Parasutterella;s__Parasutterella gallistercoris
368000,0.0014068999265965255,0.1757081132981277,0.0013992537313432835,0.0005225871059531178,1.7622950819672132,1.0,2.4103146247994807,/tmp/nxf.XXXXCs2Y11/sourmash_database/gtdb-rs214-reps.k51.zip,"GCF_013393365.1 Veillonella sp. T1-7 strain=T1-7, ASM1339336v1",4b6a1b85ff203e01624090a1d6023898,0.17666826692270762,366000,85,27961000,SRR6915193_2.fastq.gz,SRR6915193,553aebf8,261568000,51,DNA,1000,261568,True,0.8791917259355547,0.9665813314391548,0.9228865286873548,0.9665813314391548,False,645,624347,1234244,d__Bacteria;p__Bacillota_C;c__Negativicutes;o__Veillonellales;f__Veillonellaceae;g__Veillonella;s__Veillonella nakazawae
367000,0.0014030768289699045,0.21995192307692307,0.0013992537313432835,0.00046182116340042975,1.5573770491803278,1.0,0.8068949491270916,/tmp/nxf.XXXXCs2Y11/sourmash_database/gtdb-rs214-reps.k51.zip,"GCF_900103425.1 Allisonella histaminiformans strain=DSM 15230, IMG-taxon 2595698240 annotated assembly",b268477df706c2b849fda75f8a360a2e,0.2205528846153846,366000,86,27595000,SRR6915193_2.fastq.gz,SRR6915193,553aebf8,261568000,51,DNA,1000,261568,True,0.8791448181690179,0.9707953799221631,0.9249700990455905,0.9707953799221631,False,570,624917,1234244,d__Bacteria;p__Bacillota_C;c__Negativicutes;o__Veillonellales;f__Dialisteraceae;g__Allisonella;s__Allisonella histaminiformans
661000,0.0025270675311964766,0.07820599504169484,0.0013266148764374847,0.002314777304973733,8.23342939481268,4.0,10.406173657925635,/tmp/nxf.XXXXCs2Y11/sourmash_database/gtdb-rs214-reps.k51.zip,"GCA_900758315.1 uncultured Oscillospiraceae bacterium, ERS608503_14",9d2c577135181908133b3caca3c8e46e,0.1489745323416723,347000,87,27248000,SRR6915193_2.fastq.gz,SRR6915193,553aebf8,261568000,51,DNA,1000,261568,True,0.8893463327662254,0.9633553429597437,0.9263508378629846,0.9633553429597437,False,2857,627774,1234244,d__Bacteria;p__Bacillota_A;c__Clostridia;o__Oscillospirales;f__Oscillospiraceae;g__Onthomonas;s__Onthomonas sp900758315
343000,0.0013113224859310007,0.0717123144469998,0.0013113224859310007,0.00032246460181293164,1.1603498542274053,1.0,0.40471261090691557,/tmp/nxf.XXXXCs2Y11/sourmash_database/gtdb-rs214-reps.k51.zip,"GCF_000701705.1 Bilophila wadsworthia ATCC 49260 strain=ATCC 49260, ASM70170v1",b1bd0a4998658b6084d0785f2a2c686c,0.0717123144469998,343000,88,26905000,SRR6915193_2.fastq.gz,SRR6915193,553aebf8,261568000,51,DNA,1000,261568,True,0.8779797517103741,0.9496436346291836,0.9138116931697788,0.9496436346291836,False,398,628172,1234244,d__Bacteria;p__Desulfobacterota;c__Desulfovibrionia;o__Desulfovibrionales;f__Desulfovibrionaceae;g__Bilophila;s__Bilophila wadsworthia
341000,0.0013036762906777587,0.18562874251497005,0.0013036762906777587,0.00044480669948567707,1.6099706744868034,1.0,0.9643591458527615,/tmp/nxf.XXXXCs2Y11/sourmash_database/gtdb-rs214-reps.k51.zip,"GCA_008671285.1 Collinsella aerofaciens, ASM867128v1",b7a9b07b7ba599830ae07291146d125c,0.18562874251497005,341000,89,26564000,SRR6915193_2.fastq.gz,SRR6915193,553aebf8,261568000,51,DNA,1000,261568,True,0.8778790829890813,0.9675194630718391,0.9226992730304602,0.9675194630718391,False,549,628721,1234244,d__Bacteria;p__Actinomycetota;c__Coriobacteriia;o__Coriobacteriales;f__Coriobacteriaceae;g__Collinsella;s__Collinsella sp003487125
401000,0.0015330621482750183,0.11558307533539731,0.0012845608025446537,0.0004431862743509387,1.6279761904761905,1.0,1.674828548269874,/tmp/nxf.XXXXCs2Y11/sourmash_database/gtdb-rs214-reps.k51.zip,"GCA_902362775.1 Clostridiales bacterium, MGYG-HGUT-00059",2ca2415a56b17a7605d564832d0d1253,0.13794289645682833,336000,90,26228000,SRR6915193_2.fastq.gz,SRR6915193,553aebf8,261568000,51,DNA,1000,261568,True,0.8806734369705018,0.9619031780804062,0.921288307525454,0.9619031780804062,False,547,629268,1234244,d__Bacteria;p__Bacillota_A;c__Clostridia;o__Oscillospirales;f__Oscillospiraceae;g__Lawsonibacter;s__Lawsonibacter sp900066645
583000,0.002228865916320039,0.07321899736147758,0.001273091509664791,0.000740534286575426,2.744744744744745,1.0,5.279942016500514,/tmp/nxf.XXXXCs2Y11/sourmash_database/gtdb-rs214-reps.k51.zip,"GCA_025148125.1 Blautia wexlerae DSM 19850 strain=DSM 19850, ASM2514812v1",7f2073ec6218c72ec98b02ac15cb9880,0.1281882145998241,333000,91,25895000,SRR6915193_2.fastq.gz,SRR6915193,553aebf8,261568000,51,DNA,1000,261568,True,0.8871593742968503,0.9605209140215347,0.9238401441591926,0.9605209140215347,False,914,630182,1234244,d__Bacteria;p__Bacillota_A;c__Clostridia;o__Lachnospirales;f__Lachnospiraceae;g__Blautia_A;s__Blautia_A wexlerae
1823000,0.006969506973330071,0.12514619883040937,0.001227214338145339,0.006371511629791192,24.498442367601246,12.0,31.280573790120954,/tmp/nxf.XXXXCs2Y11/sourmash_database/gtdb-rs214-reps.k51.zip,"GCA_019414665.1 Bacteroides sp., ASM1941466v1",020e6e4bea30c62d0c7beb17e6beaf5f,0.7107212475633529,321000,92,25574000,SRR6915193_2.fastq.gz,SRR6915193,553aebf8,261568000,51,DNA,1000,261568,True,0.9072142103176948,0.9933267776035807,0.9502704939606377,0.9933267776035807,False,7864,638046,1234244,d__Bacteria;p__Bacteroidota;c__Bacteroidia;o__Bacteroidales;f__Bacteroidaceae;g__Phocaeicola;s__Phocaeicola sp019414665
1312000,0.005015904086126744,0.05346671265953777,0.0011851602642525079,0.0005404117824352397,2.1516129032258067,1.5,1.6479451462335746,/tmp/nxf.XXXXCs2Y11/sourmash_database/gtdb-rs214-reps.k51.zip,"GCA_019412865.1 Bacteroides sp., ASM1941286v1",ea887218e0141cf6c988447e4d85d9a1,0.22628492583649534,310000,93,25264000,SRR6915193_2.fastq.gz,SRR6915193,553aebf8,261568000,51,DNA,1000,261568,True,0.9013818485952538,0.9712838972610051,0.9363328729281295,0.9712838972610051,False,667,638713,1234244,d__Bacteria;p__Bacteroidota;c__Bacteroidia;o__Bacteroidales;f__Bacteroidaceae;g__Bacteroides;s__Bacteroides sp019412865
325000,0.001242506728651823,0.04517363154796939,0.0011736909713726449,0.0029702392719753953,11.941368078175897,1.0,187.90943955626565,/tmp/nxf.XXXXCs2Y11/sourmash_database/gtdb-rs214-reps.k51.zip,"GCF_000158035.1 Bacteroides cellulosilyticus DSM 14838 strain=DSM 14838, ASM15803v1",a202750eddf2c7f9735c9117362a41a6,0.047822248381400825,307000,94,24957000,SRR6915193_2.fastq.gz,SRR6915193,553aebf8,261568000,51,DNA,1000,261568,True,0.8770522472408457,0.94212904296782,0.9095906451043329,0.94212904296782,False,3666,642379,1234244,d__Bacteria;p__Bacteroidota;c__Bacteroidia;o__Bacteroidales;f__Bacteroidaceae;g__Bacteroides;s__Bacteroides cellulosilyticus
299000,0.001143106190359677,0.17174037909247558,0.001143106190359677,0.0003329973651887309,1.374581939799331,1.0,0.6544083154162005,/tmp/nxf.XXXXCs2Y11/sourmash_database/gtdb-rs214-reps.k51.zip,"GCA_000435675.1 Eggerthella sp. CAG:298, MGS298",587da9b63e2fcb81f6c46d8b0f8cfdef,0.17174037909247558,299000,95,24658000,SRR6915193_2.fastq.gz,SRR6915193,553aebf8,261568000,51,DNA,1000,261568,True,0.8756194966781293,0.966045314358865,0.9208324055184971,0.966045314358865,False,411,642790,1234244,d__Bacteria;p__Actinomycetota;c__Coriobacteriia;o__Coriobacteriales;f__Eggerthellaceae;g__Anaerotardibacter;s__Anaerotardibacter sp000435675
383000,0.0014642463909958405,0.10235934664246824,0.00107811353070712,0.0003913326700393115,1.7127659574468086,1.0,3.424843550059945,/tmp/nxf.XXXXCs2Y11/sourmash_database/gtdb-rs214-reps.k51.zip,"GCF_014384965.1 Jutongia hominis strain=BX3, ASM1438496v1",96bdd8a1529d4332d3e6127dacfedb35,0.13901996370235933,282000,96,24376000,SRR6915193_2.fastq.gz,SRR6915193,553aebf8,261568000,51,DNA,1000,261568,True,0.8798807313174318,0.9620498840440135,0.9209653076807227,0.9620498840440135,False,483,643273,1234244,d__Bacteria;p__Bacillota_A;c__Clostridia;o__Lachnospirales;f__Lachnospiraceae;g__Butyribacter;s__Butyribacter hominis
313000,0.0011966295571323709,0.14018691588785046,0.0010322363591876683,0.00025683738385602845,1.174074074074074,1.0,0.4505902241156449,/tmp/nxf.XXXXCs2Y11/sourmash_database/gtdb-rs214-reps.k51.zip,"GCA_900770535.1 Lachnospiraceae bacterium, SRS476339_17",e8376cf4ae47b7f776fc46273e2eb7dd,0.16251298026998962,270000,97,24106000,SRR6915193_2.fastq.gz,SRR6915193,553aebf8,261568000,51,DNA,1000,261568,True,0.8764054965560523,0.9649997853912669,0.9207026409736596,0.9649997853912669,False,317,643590,1234244,d__Bacteria;p__Bacillota_A;c__Clostridia;o__Lachnospirales;f__Lachnospiraceae;g__Ventrimonas;s__Ventrimonas sp900770535
1271000,0.004859157083435282,0.09810357403355215,0.0010284132615610473,0.00046506201366990643,2.133828996282528,1.0,1.6213975294334502,/tmp/nxf.XXXXCs2Y11/sourmash_database/gtdb-rs214-reps.k51.zip,"GCA_019411365.1 Roseburia sp., ASM1941136v1",9223753a32795157af72a9c5b19f4369,0.46353026987600293,269000,98,23837000,SRR6915193_2.fastq.gz,SRR6915193,553aebf8,261568000,51,DNA,1000,261568,True,0.9008208918378039,0.9850369273645133,0.9429289096011586,0.9850369273645133,False,574,644164,1234244,d__Bacteria;p__Bacillota_A;c__Clostridia;o__Lachnospirales;f__Lachnospiraceae;g__Roseburia;s__Roseburia sp019411365
262000,0.0010016515781747003,0.09618208516886931,0.0010016515781747003,0.00023739228223916827,1.118320610687023,1.0,0.387456282038671,/tmp/nxf.XXXXCs2Y11/sourmash_database/gtdb-rs214-reps.k51.zip,"GCA_025144665.1 Alistipes ihumii AP11 strain=AP11, ASM2514466v1",94470386a10a8c80e63e8cc398fee2ec,0.09618208516886931,262000,99,23575000,SRR6915193_2.fastq.gz,SRR6915193,553aebf8,261568000,51,DNA,1000,261568,True,0.8733544212056867,0.9551260065192412,0.9142402138624639,0.9551260065192412,False,293,644457,1234244,d__Bacteria;p__Bacteroidota;c__Bacteroidia;o__Bacteroidales;f__Rikenellaceae;g__Alistipes_A;s__Alistipes_A ihumii
403000,0.0015407083435282603,0.0694888178913738,0.0009978284805480793,0.00032651566464977753,1.5440613026819923,1.0,2.0554975300055314,/tmp/nxf.XXXXCs2Y11/sourmash_database/gtdb-rs214-reps.k51.zip,"GCA_900066355.1 uncultured Ruminococcus sp., 13414_6#66",45f1a5c0fe40b26dd1259bddded57c5d,0.10729499467518637,261000,100,23314000,SRR6915193_2.fastq.gz,SRR6915193,553aebf8,261568000,51,DNA,1000,261568,True,0.8807593523163769,0.9571758974812311,0.918967624898804,0.9571758974812311,False,403,644860,1234244,d__Bacteria;p__Bacillota_A;c__Clostridia;o__Lachnospirales;f__Lachnospiraceae;g__Blautia_A;s__Blautia_A sp900066355
888000,0.0033949106924394423,0.08489634748272458,0.0009863591876682163,0.0025967312784182057,12.422480620155039,11.0,9.910246363931144,/tmp/nxf.XXXXCs2Y11/sourmash_database/gtdb-rs214-reps.k51.zip,"GCF_003287405.1 Faecalibacterium prausnitzii strain=APC923/51-1, ASM328740v1",83658285655599b5c47e0b3e5c0720bf,0.29220138203356366,258000,101,23056000,SRR6915193_2.fastq.gz,SRR6915193,553aebf8,261568000,51,DNA,1000,261568,True,0.8945093195769221,0.9761648865655209,0.9353371030712215,0.9761648865655209,False,3205,648065,1234244,d__Bacteria;p__Bacillota_A;c__Clostridia;o__Oscillospirales;f__Ruminococcaceae;g__Faecalibacterium;s__Faecalibacterium prausnitzii_J
382000,0.0014604232933692195,0.07585596221959859,0.0009825360900415953,0.00034596076626663774,1.66147859922179,1.0,2.7443246269532904,/tmp/nxf.XXXXCs2Y11/sourmash_database/gtdb-rs214-reps.k51.zip,"GCF_902381825.1 Coprococcus catus, UHGG_MGYG-HGUT-01714",2077384ee8a75e96e14b40334da8965d,0.1127508854781582,257000,102,22799000,SRR6915193_2.fastq.gz,SRR6915193,553aebf8,261568000,51,DNA,1000,261568,True,0.8798356277070014,0.9581072288246172,0.9189714282658092,0.9581072288246172,False,427,648492,1234244,d__Bacteria;p__Bacillota_A;c__Clostridia;o__Lachnospirales;f__Lachnospiraceae;g__Coprococcus_A;s__Coprococcus_A catus_A
258000,0.0009863591876682163,0.07263368601658564,0.0009710667971617323,0.00023577185710442993,1.1456692913385826,1.0,0.4047466215296371,/tmp/nxf.XXXXCs2Y11/sourmash_database/gtdb-rs214-reps.k51.zip,"GCF_000024265.1 Eggerthella lenta DSM 2243 strain=DSM 2243, ASM2426v1",9c03bee3a8ea07d1dca079c2919284a2,0.07377752359164999,254000,103,22545000,SRR6915193_2.fastq.gz,SRR6915193,553aebf8,261568000,51,DNA,1000,261568,True,0.8730910004128885,0.9501724473858588,0.9116317238993736,0.9501724473858588,False,291,648783,1234244,d__Bacteria;p__Actinomycetota;c__Coriobacteriia;o__Coriobacteriales;f__Eggerthellaceae;g__Eggerthella;s__Eggerthella lenta
487000,0.0018618485441644237,0.05432681984109942,0.0009672436995351114,0.00034190970342979184,1.66798418972332,1.0,2.7289334463652177,/tmp/nxf.XXXXCs2Y11/sourmash_database/gtdb-rs214-reps.k51.zip,"GCF_003460605.1 Ruminococcus sp. AF31-8BH strain=AF31-8BH, ASM346060v1",dfa72f929418f30ec9c2e12209ca3076,0.10457375993128623,253000,104,22292000,SRR6915193_2.fastq.gz,SRR6915193,553aebf8,261568000,51,DNA,1000,261568,True,0.8840350762511593,0.9566938773515478,0.9203644768013535,0.9566938773515478,False,422,649205,1234244,d__Bacteria;p__Bacillota_A;c__Clostridia;o__Lachnospirales;f__Lachnospiraceae;g__Blautia_A;s__Blautia_A sp900066145
428000,0.0016362857841937851,0.05819222513713332,0.0009328358208955224,0.00033461779032346926,1.6926229508196722,1.0,2.379856313088811,/tmp/nxf.XXXXCs2Y11/sourmash_database/gtdb-rs214-reps.k51.zip,"GCA_003478935.1 Firmicutes bacterium AF25-13AC strain=AF25-13AC, ASM347893v1",d970ffa55acdde4220eb605bb1fa656e,0.10207488671595516,244000,105,22048000,SRR6915193_2.fastq.gz,SRR6915193,553aebf8,261568000,51,DNA,1000,261568,True,0.8817993764747918,0.956240288192855,0.9190198323338234,0.956240288192855,False,413,649618,1234244,d__Bacteria;p__Bacillota_A;c__Clostridia;o__Lachnospirales;f__Lachnospiraceae;g__KLE1615;s__KLE1615 sp900066985
231000,0.0008831355517494495,0.10838831291234684,0.0008793124541228285,0.0002301003691328457,1.2347826086956522,1.0,0.6231816649450059,/tmp/nxf.XXXXCs2Y11/sourmash_database/gtdb-rs214-reps.k51.zip,"GCA_002472405.1 Clostridiales bacterium UBA7273, ASM247240v1",32e4623bc4c28cc07c024b283c3f4d53,0.10885956644674835,230000,106,21818000,SRR6915193_2.fastq.gz,SRR6915193,553aebf8,261568000,51,DNA,1000,261568,True,0.8712006357905562,0.9574476364260378,0.914324136108297,0.9574476364260378,False,284,649902,1234244,d__Bacteria;p__Bacillota_A;c__Clostridia;o__Oscillospirales;f__Oscillospiraceae;g__F23-B02;s__F23-B02 sp002472405
786000,0.0030049547345241006,0.052271170965532986,0.0008754893564962075,0.0018310804022543354,9.868995633187772,4.0,15.759667424532113,/tmp/nxf.XXXXCs2Y11/sourmash_database/gtdb-rs214-reps.k51.zip,"GCA_019417795.1 Clostridiales bacterium, ASM1941779v1",5a199efdf60fbe8e0dc767e0c79a1bc4,0.1794110933576809,229000,107,21589000,SRR6915193_2.fastq.gz,SRR6915193,553aebf8,261568000,51,DNA,1000,261568,True,0.8923718087089362,0.9668733590630487,0.9296225838859924,0.9668733590630487,False,2260,652162,1234244,d__Bacteria;p__Bacillota_A;c__Clostridia;o__Oscillospirales;f__Oscillospiraceae;g__Dysosmobacter;s__Dysosmobacter sp019417795
413000,0.0015789393197944703,0.0605899548232793,0.0008716662588695865,0.00021632675548756972,1.1710526315789473,1.0,0.45077393178931063,/tmp/nxf.XXXXCs2Y11/sourmash_database/gtdb-rs214-reps.k51.zip,"GCF_003461955.1 Ruminococcus sp. AM36-2AA strain=AM36-2AA, ASM346195v1",f9d6dd83df8e5e25abd4b25895899d9e,0.10975285676322083,228000,108,21361000,SRR6915193_2.fastq.gz,SRR6915193,553aebf8,261568000,51,DNA,1000,261568,True,0.8811827544417979,0.9576010733392292,0.9193919138905136,0.9576010733392292,False,267,652429,1234244,d__Bacteria;p__Bacillota_A;c__Clostridia;o__Lachnospirales;f__Lachnospiraceae;g__Blautia_A;s__Blautia_A sp900066335
244000,0.0009328358208955224,0.07054070851460534,0.0008678431612429655,0.0006319658025479564,3.436123348017621,1.0,6.028501975855279,/tmp/nxf.XXXXCs2Y11/sourmash_database/gtdb-rs214-reps.k51.zip,"GCF_014982855.1 Pseudoflavonifractor sp. DSM 107456 strain=DSM 107456, ASM1498285v1",7a22c6735dbaec5ae69cf61dfc7429ec,0.07582349285270354,227000,109,21134000,SRR6915193_2.fastq.gz,SRR6915193,553aebf8,261568000,51,DNA,1000,261568,True,0.8721364062935683,0.9506822127971116,0.9114093095453399,0.9506822127971116,False,780,653209,1234244,d__Bacteria;p__Bacillota_A;c__Clostridia;o__Oscillospirales;f__Oscillospiraceae;g__Pseudoflavonifractor_A;s__Pseudoflavonifractor_A gallinarum
352000,0.0013457303645705897,0.07741027445460943,0.0008410814778566186,0.0002390127073739066,1.3409090909090908,1.0,0.9849592012358551,/tmp/nxf.XXXXCs2Y11/sourmash_database/gtdb-rs214-reps.k51.zip,"GCA_021029595.1 Oscillospiraceae bacterium MH27-2 strain=MH27-2, ASM2102959v1",9f80a4aa0c0cd140334b7bd48cda4f2a,0.12385643912737508,220000,110,20914000,SRR6915193_2.fastq.gz,SRR6915193,553aebf8,261568000,51,DNA,1000,261568,True,0.8784257534851686,0.959873694662056,0.9191497240736123,0.959873694662056,False,295,653504,1234244,d__Bacteria;p__Bacillota_A;c__Clostridia;o__Oscillospirales;f__Acutalibacteraceae;g__UBA1417;s__UBA1417 sp003531055
252000,0.0009634206019084904,0.08996683250414594,0.0008296121849767556,0.0002033633544096629,1.1566820276497696,1.0,0.4329345320390063,/tmp/nxf.XXXXCs2Y11/sourmash_database/gtdb-rs214-reps.k51.zip,"GCF_003425665.1 Evtepia gabavorous strain=KLE1738, ASM342566v1",825783787e9721103d4e3c056974af66,0.1044776119402985,217000,111,20697000,SRR6915193_2.fastq.gz,SRR6915193,553aebf8,261568000,51,DNA,1000,261568,True,0.8726882645918567,0.9566766223055866,0.9146824434487216,0.9566766223055866,False,251,653755,1234244,d__Bacteria;p__Bacillota_A;c__Clostridia;o__Oscillospirales;f__Oscillospiraceae;g__Evtepia;s__Evtepia gabavorous
388000,0.0014833618791289455,0.06339712918660287,0.0008104966968436506,0.0003046399253308098,1.7735849056603774,1.0,4.113445553093262,/tmp/nxf.XXXXCs2Y11/sourmash_database/gtdb-rs214-reps.k51.zip,"GCA_001312505.1 [Ruminococcus] faecis JCM 15917 strain=JCM 15917, ASM131250v1",74084a0ba33e0aad9e3ea50a89ace6e7,0.11602870813397129,212000,112,20485000,SRR6915193_2.fastq.gz,SRR6915193,553aebf8,261568000,51,DNA,1000,261568,True,0.8801045315675341,0.9586457389140408,0.9193751352407875,0.9586457389140408,False,376,654131,1234244,d__Bacteria;p__Bacillota_A;c__Clostridia;o__Lachnospirales;f__Lachnospiraceae;g__Mediterraneibacter;s__Mediterraneibacter faecis
271000,0.0010360594568142893,0.056958624395486296,0.0008104966968436506,0.00027061099750130444,1.5754716981132075,1.0,3.35043819496131,/tmp/nxf.XXXXCs2Y11/sourmash_database/gtdb-rs214-reps.k51.zip,"GCF_000239295.1 Flavonifractor plautii ATCC 29863 strain=ATCC 29863, ASM23929v1",1ed22d796c79d0337723a67a4b313636,0.07281031703385277,212000,113,20273000,SRR6915193_2.fastq.gz,SRR6915193,553aebf8,261568000,51,DNA,1000,261568,True,0.8739329843113192,0.9499266180807865,0.9119298011960528,0.9499266180807865,False,334,654465,1234244,d__Bacteria;p__Bacillota_A;c__Clostridia;o__Oscillospirales;f__Oscillospiraceae;g__Flavonifractor;s__Flavonifractor plautii
298000,0.001139283092733056,0.0655940594059406,0.0008104966968436506,0.00022199824345915393,1.2924528301886793,1.0,0.7328798343170548,/tmp/nxf.XXXXCs2Y11/sourmash_database/gtdb-rs214-reps.k51.zip,"GCF_018408705.1 Oscillibacter sp. MM59 strain=MM59, ASM1840870v1",908eb3d8cd17152b5b4b71096e30a1b2,0.0922029702970297,212000,114,20061000,SRR6915193_2.fastq.gz,SRR6915193,553aebf8,261568000,51,DNA,1000,261568,True,0.8755619808928387,0.9543350634293933,0.914948522161116,0.9543350634293933,False,274,654739,1234244,d__Bacteria;p__Bacillota_A;c__Clostridia;o__Oscillospirales;f__Oscillospiraceae;g__Dysosmobacter;s__Dysosmobacter faecalis
317000,0.001211921947638855,0.06965006729475101,0.0007913812087105457,0.00024954547074970587,1.4879227053140096,1.0,1.867235688068991,/tmp/nxf.XXXXCs2Y11/sourmash_database/gtdb-rs214-reps.k51.zip,"GCA_025150085.1 Dorea longicatena strain=DSM 13814, ASM2515008v1",77e56408450c979b22420d0739bfd623,0.1066621803499327,207000,115,19854000,SRR6915193_2.fastq.gz,SRR6915193,553aebf8,261568000,51,DNA,1000,261568,True,0.876623741534065,0.9570648836474779,0.9168443125907715,0.9570648836474779,False,308,655047,1234244,d__Bacteria;p__Bacillota_A;c__Clostridia;o__Lachnospirales;f__Lachnospiraceae;g__Dorea_A;s__Dorea_A longicatena
239000,0.0009137203327624175,0.07792706333973129,0.0007760888182040617,0.00018067740252332602,1.0985221674876848,1.0,0.29801937856658467,/tmp/nxf.XXXXCs2Y11/sourmash_database/gtdb-rs214-reps.k51.zip,"GCF_000153925.1 [Ruminococcus] torques ATCC 27756 strain=ATCC 27756, ASM15392v1",4abf9d69f1e69e10e84c4f7510c75164,0.09174664107485604,203000,116,19651000,SRR6915193_2.fastq.gz,SRR6915193,553aebf8,261568000,51,DNA,1000,261568,True,0.8717824134598782,0.9542422266913412,0.9130123200756097,0.9542422266913412,False,223,655270,1234244,d__Bacteria;p__Bacillota_A;c__Clostridia;o__Lachnospirales;f__Lachnospiraceae;g__Mediterraneibacter;s__Mediterraneibacter torques
265000,0.0010131208710545633,0.04453707766564283,0.0007760888182040617,0.00020174292927492457,1.2266009852216748,1.0,0.7610478732758856,/tmp/nxf.XXXXCs2Y11/sourmash_database/gtdb-rs214-reps.k51.zip,"GCF_002222615.2 Bacteroides caccae strain=ATCC 43185, ASM222261v2",d7e7663bc3ede65000c2f57952616ae4,0.05813953488372093,203000,117,19448000,SRR6915193_2.fastq.gz,SRR6915193,553aebf8,261568000,51,DNA,1000,261568,True,0.8735494120189707,0.9457447780854529,0.9096470950522118,0.9457447780854529,False,249,655519,1234244,d__Bacteria;p__Bacteroidota;c__Bacteroidia;o__Bacteroidales;f__Bacteroidaceae;g__Bacteroides;s__Bacteroides caccae
627000,0.002397082211891363,0.07922743397713836,0.0007684426229508197,0.0005055726420383652,3.1044776119402986,2.0,2.4052243822772055,/tmp/nxf.XXXXCs2Y11/sourmash_database/gtdb-rs214-reps.k51.zip,"GCA_900317585.1 uncultured Lachnospiraceae bacterium, Rumen uncultured genome RUG297",0518589c52670bbacf4727691dbe3dd7,0.2471422940480883,201000,118,19247000,SRR6915193_2.fastq.gz,SRR6915193,553aebf8,261568000,51,DNA,1000,261568,True,0.8884259470374525,0.9729645151011967,0.9306952310693246,0.9729645151011967,False,624,656143,1234244,d__Bacteria;p__Bacillota_A;c__Clostridia;o__Lachnospirales;f__Lachnospiraceae;g__Agathobacter;s__Agathobacter sp900317585
195000,0.0007455040371910938,0.10302708443972385,0.0007416809395644728,0.0002981582247918564,1.8969072164948453,1.0,3.352132837224911,/tmp/nxf.XXXXCs2Y11/sourmash_database/gtdb-rs214-reps.k51.zip,"GCF_001815355.1 Haemophilus sp. HMSC068C11 strain=HMSC068C11, ASM181535v1",85a6e83070591a56aecaa11b2f125d81,0.10355815188528943,194000,119,19053000,SRR6915193_2.fastq.gz,SRR6915193,553aebf8,261568000,51,DNA,1000,261568,True,0.8683113746228781,0.9565108221103993,0.9124110983666387,0.9565108221103993,False,368,656511,1234244,d__Bacteria;p__Pseudomonadota;c__Gammaproteobacteria;o__Enterobacterales_A;f__Pasteurellaceae;g__Haemophilus_D;s__Haemophilus_D sp001815355
624000,0.0023856129190114998,0.09138755980861243,0.0007302116466846098,0.002138961177854622,13.821989528795811,11.0,10.916615810488938,/tmp/nxf.XXXXCs2Y11/sourmash_database/gtdb-rs214-reps.k51.zip,"GCA_905215595.1 uncultured bacterium, ERR1600666-mag-bin.42",61f0c0b03a912afd9ca302e1db27f6f9,0.2985645933014354,191000,120,18862000,SRR6915193_2.fastq.gz,SRR6915193,553aebf8,261568000,51,DNA,1000,261568,True,0.8883424010858482,0.9765773186038068,0.9324598598448275,0.9765773186038068,False,2640,659151,1234244,d__Bacteria;p__Bacillota_A;c__Clostridia;o__Oscillospirales;f__Ruminococcaceae;g__Faecalibacterium;s__Faecalibacterium sp905215595
342000,0.0013074993883043797,0.05420827389443652,0.0007263885490579888,0.0002600782341255052,1.6894736842105262,1.0,1.1486352253376293,/tmp/nxf.XXXXCs2Y11/sourmash_database/gtdb-rs214-reps.k51.zip,"GCA_022728415.1 Collinsella sp., ASM2272841v1",f6aa1a5c3b6ba84a8235617fbaa0eb23,0.09757489300998573,190000,121,18672000,SRR6915193_2.fastq.gz,SRR6915193,553aebf8,261568000,51,DNA,1000,261568,True,0.8779294894951712,0.9553952982621322,0.9166623938786518,0.9553952982621322,False,321,659472,1234244,d__Bacteria;p__Actinomycetota;c__Coriobacteriia;o__Coriobacteriales;f__Coriobacteriaceae;g__Collinsella;s__Collinsella sp022728415
1155000,0.004415677758747247,0.027914614121510674,0.0007149192561781258,0.00046344158853516807,3.0588235294117645,2.0,4.581030954405543,/tmp/nxf.XXXXCs2Y11/sourmash_database/gtdb-rs214-reps.k51.zip,"GCF_014334015.1 Bacteroides sp. M10 strain=M10, ASM1433401v1",e43d5d90afd8ffb683d480ea8b36d926,0.1724137931034483,187000,122,18485000,SRR6915193_2.fastq.gz,SRR6915193,553aebf8,261568000,51,DNA,1000,261568,True,0.8991320485780383,0.9661194460050189,0.9326257472915286,0.9661194460050189,False,572,660044,1234244,d__Bacteria;p__Bacteroidota;c__Bacteroidia;o__Bacteroidales;f__Bacteroidaceae;g__Bacteroides;s__Bacteroides intestinigallinarum
218000,0.0008334352826033766,0.0892175572519084,0.0007149192561781258,0.0002041735669770321,1.3475935828877006,1.0,0.6392108148656228,/tmp/nxf.XXXXCs2Y11/sourmash_database/gtdb-rs214-reps.k51.zip,"GCF_902810435.1 Veillonella parvula strain=SKV38, SKV38",67bbd99ec027fb9f3b058c8a204b14b5,0.10400763358778627,187000,123,18298000,SRR6915193_2.fastq.gz,SRR6915193,553aebf8,261568000,51,DNA,1000,261568,True,0.8702117416253401,0.9565920537233862,0.9134018976743632,0.9565920537233862,False,252,660296,1234244,d__Bacteria;p__Bacillota_C;c__Negativicutes;o__Veillonellales;f__Veillonellaceae;g__Veillonella;s__Veillonella parvula_A
361000,0.0013801382432101787,0.04381134785731386,0.0006996268656716418,0.00023172079426758403,1.5628415300546448,1.0,2.92999125532962,/tmp/nxf.XXXXCs2Y11/sourmash_database/gtdb-rs214-reps.k51.zip,"GCF_003461245.1 Blautia sp. AF19-10LB strain=AF19-10LB, ASM346124v1",1010f41a1cf51346c99c112643c1110b,0.08642566435240603,183000,124,18115000,SRR6915193_2.fastq.gz,SRR6915193,553aebf8,261568000,51,DNA,1000,261568,True,0.878860712590127,0.9531249920075815,0.9159928522988543,0.9531249920075815,False,286,660582,1234244,d__Bacteria;p__Bacillota_A;c__Clostridia;o__Lachnospirales;f__Lachnospiraceae;g__Blautia_A;s__Blautia_A sp000436615
475000,0.001815971372644972,0.03933791917454858,0.0006996268656716418,0.0002884356739834263,1.9453551912568305,1.0,1.4588219513912688,/tmp/nxf.XXXXCs2Y11/sourmash_database/gtdb-rs214-reps.k51.zip,"GCF_004211955.1 Escherichia sp. E1V33 strain=E1V33, ASM421195v1",e9fb153d1248b2562fc0e641351fabc1,0.10210662080825451,183000,125,17932000,SRR6915193_2.fastq.gz,SRR6915193,553aebf8,261568000,51,DNA,1000,261568,True,0.8836027099941914,0.9562461164386432,0.9199244132164173,0.9562461164386432,False,356,660938,1234244,d__Bacteria;p__Pseudomonadota;c__Gammaproteobacteria;o__Enterobacterales;f__Enterobacteriaceae;g__Escherichia;s__Escherichia sp004211955
325000,0.001242506728651823,0.032240730789897906,0.0006881575727917789,0.0016139434341993966,11.066666666666666,8.5,9.960254347488656,/tmp/nxf.XXXXCs2Y11/sourmash_database/gtdb-rs214-reps.k51.zip,"GCF_011927845.1 Butyricimonas paravirosa strain=DSM 105722, ASM1192784v1",cc1e901fd2cc9d9ffb757c4a7687cf15,0.05821243059287121,180000,126,17752000,SRR6915193_2.fastq.gz,SRR6915193,553aebf8,261568000,51,DNA,1000,261568,True,0.8770522472408457,0.9457680144084499,0.9114101308246478,0.9457680144084499,False,1992,662930,1234244,d__Bacteria;p__Bacteroidota;c__Bacteroidia;o__Bacteroidales;f__Marinifilaceae;g__Butyricimonas;s__Butyricimonas paravirosa
207000,0.0007913812087105457,0.061500177746178455,0.0006613958894054319,0.0001685242140127884,1.2023121387283238,1.0,1.3166762215942123,/tmp/nxf.XXXXCs2Y11/sourmash_database/gtdb-rs214-reps.k51.zip,"GCF_016902445.1 Oscillibacter valericigenes strain=An411, ASM1690244v1",ecc4845f0ddc7802dfd86ae99740f1cf,0.07358691788126555,173000,127,17579000,SRR6915193_2.fastq.gz,SRR6915193,553aebf8,261568000,51,DNA,1000,261568,True,0.8693287327164074,0.9501242531958597,0.9097264929561335,0.9501242531958597,False,208,663138,1234244,d__Bacteria;p__Bacillota_A;c__Clostridia;o__Oscillospirales;f__Oscillospiraceae;g__Dysosmobacter;s__Dysosmobacter avistercoris
231000,0.0008831355517494495,0.04732908939939109,0.0006537496941521898,0.00021956760575704643,1.5847953216374269,1.0,2.186508963927392,/tmp/nxf.XXXXCs2Y11/sourmash_database/gtdb-rs214-reps.k51.zip,"GCF_002159845.1 Anaeromassilibacillus sp. An250 strain=An250, ASM215984v1",052244281b7fa75bc56b42a8ad54f391,0.06393578743426516,171000,128,17408000,SRR6915193_2.fastq.gz,SRR6915193,553aebf8,261568000,51,DNA,1000,261568,True,0.8712006357905562,0.9475087211771349,0.9093546784838455,0.9475087211771349,False,271,663409,1234244,d__Bacteria;p__Bacillota_A;c__Clostridia;o__Oscillospirales;f__Acutalibacteraceae;g__Anaeromassilibacillus;s__Anaeromassilibacillus stercoravium
298000,0.001139283092733056,0.048809173772419875,0.000634634206019085,0.00016366293860857334,1.216867469879518,1.0,0.8438036768623195,/tmp/nxf.XXXXCs2Y11/sourmash_database/gtdb-rs214-reps.k51.zip,"GCF_000469345.1 Eubacterium ramulus ATCC 29099 strain=ATCC 29099, ASM46934v1",8221e40b6dea7608c75d90b7e6d6d600,0.0876212878565128,166000,129,17242000,SRR6915193_2.fastq.gz,SRR6915193,553aebf8,261568000,51,DNA,1000,261568,True,0.8755619808928387,0.9533817967445707,0.9144718888187047,0.9533817967445707,False,202,663611,1234244,d__Bacteria;p__Bacillota_A;c__Clostridia;o__Lachnospirales;f__Lachnospiraceae;g__Eubacterium_I;s__Eubacterium_I ramulus
819000,0.0031311169562025934,0.0582010582010582,0.000630811108392464,0.0007534976876533327,5.636363636363637,3.0,11.33462964552005,/tmp/nxf.XXXXCs2Y11/sourmash_database/gtdb-rs214-reps.k51.zip,"GCF_000146185.1 [Eubacterium] eligens ATCC 27750 strain=ATCC 27750, ASM14618v1",6f23354d1c492f2e5d90eb1f6ead0ebb,0.28888888888888886,165000,130,17077000,SRR6915193_2.fastq.gz,SRR6915193,553aebf8,261568000,51,DNA,1000,261568,True,0.8930917231699443,0.9759466886753276,0.9345192059226359,0.9759466886753276,False,930,664541,1234244,d__Bacteria;p__Bacillota_A;c__Clostridia;o__Lachnospirales;f__Lachnospiraceae;g__Lachnospira;s__Lachnospira eligens
179000,0.0006843344751651579,0.05956678700361011,0.000630811108392464,0.00014664847469382066,1.096969696969697,1.0,0.334378526645666,/tmp/nxf.XXXXCs2Y11/sourmash_database/gtdb-rs214-reps.k51.zip,"GCF_001042595.1 Bifidobacterium dentium JCM 1195 = DSM 20436 strain=JCM 1195, ASM104259v1",81541f80540e662b03fadfbeb774a2a0,0.06462093862815885,165000,131,16912000,SRR6915193_2.fastq.gz,SRR6915193,553aebf8,261568000,51,DNA,1000,261568,True,0.8668549622031881,0.9477067754188911,0.9072808688110396,0.9477067754188911,False,181,664722,1234244,d__Bacteria;p__Actinomycetota;c__Actinomycetia;o__Actinomycetales;f__Bifidobacteriaceae;g__Bifidobacterium;s__Bifidobacterium dentium
209000,0.0007990274039637877,0.0711743772241993,0.000611695620259359,0.0001579914506369891,1.21875,1.0,0.639060589850446,/tmp/nxf.XXXXCs2Y11/sourmash_database/gtdb-rs214-reps.k51.zip,"GCF_001025215.1 Bifidobacterium pseudocatenulatum DSM 20438 = JCM 1200 = LMG 10505 strain=JCM 1200, ASM102521v1",601139f282aa073e842d57ff1801e54a,0.09297153024911033,160000,132,16752000,SRR6915193_2.fastq.gz,SRR6915193,553aebf8,261568000,51,DNA,1000,261568,True,0.86949265002172,0.9544904076523022,0.9119915288370111,0.9544904076523022,False,195,664917,1234244,d__Bacteria;p__Actinomycetota;c__Actinomycetia;o__Actinomycetales;f__Bifidobacteriaceae;g__Bifidobacterium;s__Bifidobacterium pseudocatenulatum
323000,0.001234860533398581,0.06938421509106678,0.000611695620259359,0.00022604930629599982,1.74375,1.0,1.013945727097856,/tmp/nxf.XXXXCs2Y11/sourmash_database/gtdb-rs214-reps.k51.zip,"GCF_010509075.1 Collinsella aerofaciens ATCC 25986 strain=JCM 10188, ASM1050907v1",067e3cf8a5523091ad60178f8e612a03,0.14006938421509108,160000,133,16592000,SRR6915193_2.fastq.gz,SRR6915193,553aebf8,261568000,51,DNA,1000,261568,True,0.8769460983717448,0.9621917563952964,0.9195689273835206,0.9621917563952964,False,279,665196,1234244,d__Bacteria;p__Actinomycetota;c__Coriobacteriia;o__Coriobacteriales;f__Coriobacteriaceae;g__Collinsella;s__Collinsella aerofaciens
237000,0.0009060741375091755,0.04487917146144994,0.0005964032297528749,0.00022523909372863064,1.7820512820512822,1.0,3.69735676859743,/tmp/nxf.XXXXCs2Y11/sourmash_database/gtdb-rs214-reps.k51.zip,"GCF_008121495.1 [Ruminococcus] gnavus ATCC 29149 strain=JCM6515, ASM812149v1",c0af2b4fd1a1fb3c5fc7e5a29e4fe5d1,0.06818181818181818,156000,134,16436000,SRR6915193_2.fastq.gz,SRR6915193,553aebf8,261568000,51,DNA,1000,261568,True,0.8716387792986947,0.9487040540548597,0.9101714166767771,0.9487040540548597,False,278,665474,1234244,d__Bacteria;p__Bacillota_A;c__Clostridia;o__Lachnospirales;f__Lachnospiraceae;g__Ruminococcus_B;s__Ruminococcus_B gnavus
971000,0.0037122277954489847,0.043007769145394004,0.0005925801321262539,0.00028276418601184207,2.2516129032258063,1.0,5.023292261105127,/tmp/nxf.XXXXCs2Y11/sourmash_database/gtdb-rs214-reps.k51.zip,"GCA_900755095.1 uncultured Bacteroides sp., ERS473029_19",157ba610ccdcf1ff58761725bd879825,0.26942286348501665,155000,135,16281000,SRR6915193_2.fastq.gz,SRR6915193,553aebf8,261568000,51,DNA,1000,261568,True,0.896077921440812,0.9746126589279445,0.9353452901843782,0.9746126589279445,False,349,665823,1234244,d__Bacteria;p__Bacteroidota;c__Bacteroidia;o__Bacteroidales;f__Bacteroidaceae;g__Bacteroides;s__Bacteroides sp900755095
260000,0.0009940053829214583,0.05117056856187291,0.0005849339368730119,0.00021551654292020054,1.738562091503268,1.0,3.043843549418101,/tmp/nxf.XXXXCs2Y11/sourmash_database/gtdb-rs214-reps.k51.zip,"GCF_003479605.1 Roseburia sp. AF12-17LB strain=AF12-17LB, ASM347960v1",eff3b6e1f36602de5c0b298cebd0503e,0.08695652173913043,153000,136,16128000,SRR6915193_2.fastq.gz,SRR6915193,553aebf8,261568000,51,DNA,1000,261568,True,0.8732232074597696,0.9532394406110164,0.913231324035393,0.9532394406110164,False,266,666089,1234244,d__Bacteria;p__Bacillota_A;c__Clostridia;o__Lachnospirales;f__Lachnospiraceae;g__RUG115;s__RUG115 sp900066395
179000,0.0006843344751651579,0.0536480686695279,0.000573464643993149,0.00014664847469382066,1.2066666666666668,1.0,0.5072365216433935,/tmp/nxf.XXXXCs2Y11/sourmash_database/gtdb-rs214-reps.k51.zip,"GCA_000436535.1 Eubacterium sp. CAG:252, MGS252",2d5ecc2ee51dd5961462d43a4110e7a8,0.06402002861230328,150000,137,15978000,SRR6915193_2.fastq.gz,SRR6915193,553aebf8,261568000,51,DNA,1000,261568,True,0.8668549622031881,0.947533184368084,0.9071940732856361,0.947533184368084,False,181,666270,1234244,d__Bacteria;p__Bacillota_A;c__Clostridia;o__Lachnospirales;f__Lachnospiraceae;g__Lachnospira;s__Lachnospira sp000436535
149000,0.000569641546366528,0.060421735604217354,0.000569641546366528,0.00012801358564432964,1.0604026845637584,1.0,0.2382314006617295,/tmp/nxf.XXXXCs2Y11/sourmash_database/gtdb-rs214-reps.k51.zip,"GCA_944387205.1 uncultured Oscillospiraceae bacterium, E0_RM__bin177",9a4c21a0280b7453e37099b6d1f4b009,0.060421735604217354,149000,138,15829000,SRR6915193_2.fastq.gz,SRR6915193,553aebf8,261568000,51,DNA,1000,261568,True,0.8637426130711175,0.9464590480058996,0.9051008305385086,0.9464590480058996,False,158,666428,1234244,d__Bacteria;p__Bacillota_A;c__Clostridia;o__Oscillospirales;f__Oscillospiraceae;g__CALXDZ01;s__CALXDZ01 sp944387205
328000,0.001253976021531686,0.04542645241038319,0.000561995351113286,0.0002689905723665661,2.258503401360544,1.0,3.672083386804866,/tmp/nxf.XXXXCs2Y11/sourmash_database/gtdb-rs214-reps.k51.zip,"GCA_025149785.1 Coprococcus comes ATCC 27758 strain=ATCC 27758, ASM2514978v1",3a055d916786f743b82f17b95fcc483f,0.10135970333745364,147000,139,15682000,SRR6915193_2.fastq.gz,SRR6915193,553aebf8,261568000,51,DNA,1000,261568,True,0.8772102757842696,0.9561084651525298,0.9166593704683996,0.9561084651525298,False,332,666760,1234244,d__Bacteria;p__Bacillota_A;c__Clostridia;o__Lachnospirales;f__Lachnospiraceae;g__Bariatricus;s__Bariatricus comes
331000,0.001265445314411549,0.029601834479883262,0.000542879862980181,0.006390146518840683,55.54225352112676,48.0,52.24031997931637,/tmp/nxf.XXXXCs2Y11/sourmash_database/gtdb-rs214-reps.k51.zip,"GCF_900108345.1 Bacteroides ndongoniae strain=Marseille-P3108, PRJEB16738",cf59023868c799c0ae17196ae485d4c7,0.06900145924536169,142000,140,15540000,SRR6915193_2.fastq.gz,SRR6915193,553aebf8,261568000,51,DNA,1000,261568,True,0.8773668935906993,0.9489263692554298,0.9131466314230645,0.9489263692554298,False,7887,674647,1234244,d__Bacteria;p__Bacteroidota;c__Bacteroidia;o__Bacteroidales;f__Bacteroidaceae;g__Mediterranea;s__Mediterranea ndongoniae
577000,0.0022059273305603134,0.04349176762969866,0.000535233667726939,0.00030545013789817896,2.692857142857143,2.0,4.217135840102563,/tmp/nxf.XXXXCs2Y11/sourmash_database/gtdb-rs214-reps.k51.zip,"GCA_018223365.1 Clostridiaceae bacterium Marseille-Q4145 strain=Marseille-Q4145, ASM1822336v1",7f158b0510e7734453b8c7177133d277,0.17924821373097236,140000,141,15400000,SRR6915193_2.fastq.gz,SRR6915193,553aebf8,261568000,51,DNA,1000,261568,True,0.8869794397502065,0.9668561399714464,0.9269177898608265,0.9668561399714464,False,377,675024,1234244,d__Bacteria;p__Bacillota_A;c__Clostridia;o__Lachnospirales;f__Lachnospiraceae;g__Choladocola;s__Choladocola sp018223365
932000,0.003563126988010766,0.02804878048780488,0.000527587472473697,0.0006716662183490461,6.007246376811594,5.0,4.167674736278541,/tmp/nxf.XXXXCs2Y11/sourmash_database/gtdb-rs214-reps.k51.zip,"GCF_000614125.1 Bacteroides rodentium JCM 16496 strain=JCM 16496, ASM61412v1",d114cb268bdc0e58bd5266fb76f6ef04,0.18943089430894308,138000,142,15262000,SRR6915193_2.fastq.gz,SRR6915193,553aebf8,261568000,51,DNA,1000,261568,True,0.895357945975598,0.9679041875881942,0.9316310667818961,0.9679041875881942,False,829,675853,1234244,d__Bacteria;p__Bacteroidota;c__Bacteroidia;o__Bacteroidales;f__Bacteroidaceae;g__Bacteroides;s__Bacteroides rodentium
224000,0.0008563738683631026,0.02072854747751867,0.0005199412772204551,0.0005566160337826232,5.051470588235294,1.0,21.065137023940057,/tmp/nxf.XXXXCs2Y11/sourmash_database/gtdb-rs214-reps.k51.zip,"GCF_000233455.1 [Clostridium] citroniae WAL-17108 strain=WAL-17108, Clos_citr_WAL_17108_V1",b21b2b7d4e277071b4f076512801b2ed,0.034141137021795456,136000,143,15126000,SRR6915193_2.fastq.gz,SRR6915193,553aebf8,261568000,51,DNA,1000,261568,True,0.8706751416215728,0.9359243461820307,0.9032997439018018,0.9359243461820307,False,687,676540,1234244,d__Bacteria;p__Bacillota_A;c__Clostridia;o__Lachnospirales;f__Lachnospiraceae;g__Enterocloster;s__Enterocloster citroniae
759000,0.002901731098605334,0.03176827843961691,0.0005199412772204551,0.0005955062370163436,5.404411764705882,5.0,3.7795476629263693,/tmp/nxf.XXXXCs2Y11/sourmash_database/gtdb-rs214-reps.k51.zip,"GCF_004793765.1 Parabacteroides distasonis strain=NM39_I3, ASM479376v1",ff3b738a89ace1278481c115431047ce,0.17729502452697968,136000,144,14990000,SRR6915193_2.fastq.gz,SRR6915193,553aebf8,261568000,51,DNA,1000,261568,True,0.891760393360859,0.9666484519327888,0.9292044226468239,0.9666484519327888,False,735,677275,1234244,d__Bacteria;p__Bacteroidota;c__Bacteroidia;o__Bacteroidales;f__Tannerellaceae;g__Parabacteroides;s__Parabacteroides distasonis_A
389000,0.0014871849767555665,0.03764506085479762,0.0005084719843405921,0.00018877952819701776,1.7518796992481203,1.0,4.4694552577822275,/tmp/nxf.XXXXCs2Y11/sourmash_database/gtdb-rs214-reps.k51.zip,"GCA_003573975.1 Clostridiales bacterium CCNA10 strain=CCNA10, ASM357397v1",00fa92bb3e4b24b2703f629c0d80feb8,0.11010472686102463,133000,145,14857000,SRR6915193_2.fastq.gz,SRR6915193,553aebf8,261568000,51,DNA,1000,261568,True,0.8801489521508542,0.9576611767827136,0.9189050644667839,0.9576611767827136,False,233,677508,1234244,d__Bacteria;p__Bacillota_A;c__Clostridia;o__Oscillospirales;f__Oscillospiraceae;g__Lawsonibacter;s__Lawsonibacter sp900066825
515000,0.0019688952777098118,0.04356501496508148,0.0005008257890873501,0.0002892458865507955,2.7251908396946565,2.0,2.5593815901278876,/tmp/nxf.XXXXCs2Y11/sourmash_database/gtdb-rs214-reps.k51.zip,"GCA_900546625.1 uncultured Lachnobacterium sp., UMGS904",d029c51d58fba6906b5997e7235cd048,0.17126704356501496,131000,146,14726000,SRR6915193_2.fastq.gz,SRR6915193,553aebf8,261568000,51,DNA,1000,261568,True,0.8850046274588738,0.9659930372661578,0.9254988323625157,0.9659930372661578,False,357,677865,1234244,d__Bacteria;p__Bacillota_A;c__Clostridia;o__Lachnospirales;f__Lachnospiraceae;g__Agathobacter;s__Agathobacter sp900546625
426000,0.0016286395889405431,0.03901131625967838,0.0005008257890873501,0.0018019127498290451,16.977099236641223,10.0,32.403342031211515,/tmp/nxf.XXXXCs2Y11/sourmash_database/gtdb-rs214-reps.k51.zip,"GCF_018784445.1 Gemmiger formicilis strain=MCC627, ASM1878444v1",05a0256de479fcb370d77f1d0c2ed04a,0.1268612269207862,131000,147,14595000,SRR6915193_2.fastq.gz,SRR6915193,553aebf8,261568000,51,DNA,1000,261568,True,0.8817183955777499,0.960324953416183,0.9210216744969664,0.960324953416183,False,2224,680089,1234244,d__Bacteria;p__Bacillota_A;c__Clostridia;o__Oscillospirales;f__Ruminococcaceae;g__Gemmiger;s__Gemmiger sp900540775
125000,0.0004778872033276242,0.06147744174516609,0.0004740641057010032,0.00011829103483589954,1.1774193548387097,1.0,0.4408274312489177,/tmp/nxf.XXXXCs2Y11/sourmash_database/gtdb-rs214-reps.k51.zip,"GCA_000435195.1 Clostridium sp. CAG:169, MGS169",2c628f16ba407b3bc78d968830c8b716,0.061973227565691624,124000,148,14471000,SRR6915193_2.fastq.gz,SRR6915193,553aebf8,261568000,51,DNA,1000,261568,True,0.8607731930577914,0.9469296771832201,0.9038514351205058,0.9469296771832201,False,146,680235,1234244,d__Bacteria;p__Bacillota_A;c__Clostridia;o__Oscillospirales;f__Ruminococcaceae;g__Negativibacillus;s__Negativibacillus sp000435195
123000,0.0004702410080743822,0.07784810126582278,0.0004702410080743822,0.0001101889091622078,1.1056910569105691,1.0,0.30744179514128517,/tmp/nxf.XXXXCs2Y11/sourmash_database/gtdb-rs214-reps.k51.zip,"GCA_019421975.1 Clostridiales bacterium, ASM1942197v1",42cf5412c1ca323d1f547807216366c5,0.07784810126582278,123000,149,14348000,SRR6915193_2.fastq.gz,SRR6915193,553aebf8,261568000,51,DNA,1000,261568,True,0.8605010059133811,0.9511735503537314,0.9058372781335562,0.9511735503537314,False,136,680371,1234244,d__Bacteria;p__Bacillota_A;c__Clostridia;o__Oscillospirales;f__Oscillospiraceae;g__CAKTFW01;s__CAKTFW01 sp019421975
476000,0.001819794470271593,0.027412525072431467,0.0004702410080743822,0.00017662633968648016,1.7723577235772359,1.0,1.1463126329765574,/tmp/nxf.XXXXCs2Y11/sourmash_database/gtdb-rs214-reps.k51.zip,"GCF_002965065.1 Escherichia sp. MOD1-EC7003 strain=MOD1-EC7003, ASM296506v1",10464a15002925b3d236f1c4c1df1115,0.1060842433697348,123000,150,14225000,SRR6915193_2.fastq.gz,SRR6915193,553aebf8,261568000,51,DNA,1000,261568,True,0.8836391472327706,0.9569629312712142,0.9203010392519924,0.9569629312712142,False,218,680589,1234244,d__Bacteria;p__Pseudomonadota;c__Gammaproteobacteria;o__Enterobacterales;f__Enterobacteriaceae;g__Escherichia;s__Escherichia sp002965065
267000,0.0010207670663078053,0.0329493704795071,0.0004702410080743822,0.0017978616869921992,18.040650406504064,10.0,29.337231367196505,/tmp/nxf.XXXXCs2Y11/sourmash_database/gtdb-rs214-reps.k51.zip,"GCF_900079775.1 Prevotella lascolaii strain=khD1, PRJEB13540",3af3dfa366a80634ffe61a624b5c11d2,0.07152424323600322,123000,151,14102000,SRR6915193_2.fastq.gz,SRR6915193,553aebf8,261568000,51,DNA,1000,261568,True,0.8736782072310737,0.9495947381042092,0.9116364726676415,0.9495947381042092,False,2219,682808,1234244,d__Bacteria;p__Bacteroidota;c__Bacteroidia;o__Bacteroidales;f__Bacteroidaceae;g__Prevotella;s__Prevotella lascolaii
151000,0.00057728774161977,0.025441547518923465,0.0004625948128211402,0.00010937869659483862,1.115702479338843,1.0,0.4104036038986821,/tmp/nxf.XXXXCs2Y11/sourmash_database/gtdb-rs214-reps.k51.zip,"GCF_001655005.1 Hafnia paralvei ATCC 29927 strain=ATCC 29927, Hpa29927_DRAFTv1",bccc89108abc02082b771de8a5ebf6ac,0.03174936921783011,121000,152,13981000,SRR6915193_2.fastq.gz,SRR6915193,553aebf8,261568000,51,DNA,1000,261568,True,0.863968461000612,0.9345924254369109,0.8992804432187614,0.9345924254369109,False,135,682943,1234244,d__Bacteria;p__Pseudomonadota;c__Gammaproteobacteria;o__Enterobacterales;f__Enterobacteriaceae;g__Hafnia;s__Hafnia paralvei
153000,0.0005849339368730119,0.03757044458359424,0.0004587717151945192,0.0001101889091622078,1.1333333333333333,1.0,0.4068851871911234,/tmp/nxf.XXXXCs2Y11/sourmash_database/gtdb-rs214-reps.k51.zip,"GCA_000154345.1 [Clostridium] leptum DSM 753 strain=DSM 753, ASM15434v1",4168e6f0bd13abfda2f7edf9bd1ed5a9,0.04790231684408266,120000,153,13861000,SRR6915193_2.fastq.gz,SRR6915193,553aebf8,261568000,51,DNA,1000,261568,True,0.8641913950537815,0.9421599470267511,0.9031756710402663,0.9421599470267511,False,136,683079,1234244,d__Bacteria;p__Bacillota_A;c__Clostridia;o__Oscillospirales;f__Acutalibacteraceae;g__Clostridium_A;s__Clostridium_A leptum
269000,0.0010284132615610473,0.03903407211379424,0.00045112551994127724,0.00017581612711911097,1.8389830508474576,1.0,2.7245597964549226,/tmp/nxf.XXXXCs2Y11/sourmash_database/gtdb-rs214-reps.k51.zip,"GCA_900169975.1 Pseudoflavonifractor sp. Marseille-P3106 strain=Marseille-P3106, PRJEB20005",0951cf28ca81ad20d1cedfb3a51aab05,0.08898445253059874,118000,154,13743000,SRR6915193_2.fastq.gz,SRR6915193,553aebf8,261568000,51,DNA,1000,261568,True,0.8738060600533054,0.9536704287849196,0.9137382444191124,0.9536704287849196,False,217,683296,1234244,d__Bacteria;p__Bacillota_A;c__Clostridia;o__Oscillospirales;f__Oscillospiraceae;g__Marseille-P3106;s__Marseille-P3106 sp900169975
121000,0.0004625948128211402,0.034822804314329735,0.00043201003180817223,9.560508294956264e-05,1.0442477876106195,1.0,0.2056451334269425,/tmp/nxf.XXXXCs2Y11/sourmash_database/gtdb-rs214-reps.k51.zip,"GCF_000210055.1 Gordonibacter pamelaeae 7-10-1-b strain=7-10-1-bT, ASM21005v1",9d497eff52a10c37135e193cbca8d196,0.03728813559322034,113000,155,13630000,SRR6915193_2.fastq.gz,SRR6915193,553aebf8,261568000,51,DNA,1000,261568,True,0.8602244446832796,0.9375438336437284,0.8988841391635041,0.9375438336437284,False,118,683414,1234244,d__Bacteria;p__Actinomycetota;c__Coriobacteriia;o__Coriobacteriales;f__Eggerthellaceae;g__Gordonibacter;s__Gordonibacter pamelaeae
259000,0.0009901822852948373,0.028397565922920892,0.0004281869341815513,0.0002811437608771037,3.0982142857142856,1.0,7.359347580541668,/tmp/nxf.XXXXCs2Y11/sourmash_database/gtdb-rs214-reps.k51.zip,"GCF_900104675.1 Angelakisella massiliensis strain=Marseille-P3217, PRJEB16361",81b55df77b553fa23ed30dba338c2196,0.06566937119675456,112000,156,13518000,SRR6915193_2.fastq.gz,SRR6915193,553aebf8,261568000,51,DNA,1000,261568,True,0.8731572290474072,0.948005891727892,0.9105815603876496,0.948005891727892,False,347,683761,1234244,d__Bacteria;p__Bacillota_A;c__Clostridia;o__Oscillospirales;f__Ruminococcaceae;g__Angelakisella;s__Angelakisella massiliensis
491000,0.0018771409346709077,0.022648439094062438,0.0004243638365549303,0.0011270056812105224,12.531531531531531,7.0,28.75269507769642,/tmp/nxf.XXXXCs2Y11/sourmash_database/gtdb-rs214-reps.k51.zip,"GCF_000156195.1 Bacteroides finegoldii DSM 17565 strain=DSM 17565, ASM15619v1",9d0fea771ba61065a50bf9434f874c00,0.10018363599265456,111000,157,13407000,SRR6915193_2.fastq.gz,SRR6915193,553aebf8,261568000,51,DNA,1000,261568,True,0.8841768799972651,0.9558896960611576,0.9200332880292114,0.9558896960611576,False,1391,685152,1234244,d__Bacteria;p__Bacteroidota;c__Bacteroidia;o__Bacteroidales;f__Bacteroidaceae;g__Bacteroides;s__Bacteroides finegoldii
109000,0.0004167176413016883,0.05110173464603844,0.0004167176413016883,0.0001328748610485447,1.5045871559633028,1.0,1.74326411759327,/tmp/nxf.XXXXCs2Y11/sourmash_database/gtdb-rs214-reps.k51.zip,"GCF_016648855.1 Streptococcus parasanguinis strain=6.1, ASM1664885v1",09d4055a990f3a74601ce0a2420c8e00,0.05110173464603844,109000,158,13298000,SRR6915193_2.fastq.gz,SRR6915193,553aebf8,261568000,51,DNA,1000,261568,True,0.8584645976406708,0.9433551151777163,0.9009098564091935,0.9433551151777163,False,164,685316,1234244,d__Bacteria;p__Bacillota;c__Bacilli;o__Lactobacillales;f__Streptococcaceae;g__Streptococcus;s__Streptococcus parasanguinis_L
329000,0.001257799119158307,0.054490413723511606,0.0004128945436750673,0.0001814876150906952,2.074074074074074,1.0,2.4784392628624605,/tmp/nxf.XXXXCs2Y11/sourmash_database/gtdb-rs214-reps.k51.zip,"GCA_905216045.1 uncultured bacterium, SRR5558281-mag-bin.11",ca4b6627f17db8d63498da2f48bac943,0.16599394550958627,108000,159,13190000,SRR6915193_2.fastq.gz,SRR6915193,553aebf8,261568000,51,DNA,1000,261568,True,0.8772626372092655,0.9654008817213935,0.9213317594653294,0.9654008817213935,False,224,685540,1234244,d__Bacteria;p__Actinomycetota;c__Coriobacteriia;o__Coriobacteriales;f__Coriobacteriaceae;g__Collinsella;s__Collinsella sp905216045
418000,0.0015980548079275753,0.021344504288848994,0.0004090714460484463,0.0012307128898337769,14.19626168224299,7.0,20.379777062759647,/tmp/nxf.XXXXCs2Y11/sourmash_database/gtdb-rs214-reps.k51.zip,"GCA_001915545.1 Bacteroides sp. 43_108, ASM191554v1",40195026c21b873ff4fccfa6b1bd46ef,0.08338320367045682,107000,160,13083000,SRR6915193_2.fastq.gz,SRR6915193,553aebf8,261568000,51,DNA,1000,261568,True,0.881390700775925,0.9524554648736662,0.9169230828247956,0.9524554648736662,False,1519,687059,1234244,d__Bacteria;p__Bacteroidota;c__Bacteroidia;o__Bacteroidales;f__Bacteroidaceae;g__43-108;s__43-108 sp001915545
248000,0.0009481282114020064,0.029155313351498638,0.0004090714460484463,0.00010937869659483862,1.2616822429906542,1.0,0.8790016490487848,/tmp/nxf.XXXXCs2Y11/sourmash_database/gtdb-rs214-reps.k51.zip,"GCA_025147765.1 Blautia obeum ATCC 29174 strain=ATCC 29174, ASM2514776v1",aa800a95b7aa246d998085e9b2fb3124,0.06757493188010899,107000,161,12976000,SRR6915193_2.fastq.gz,SRR6915193,553aebf8,261568000,51,DNA,1000,261568,True,0.8724145171412357,0.9485377505877006,0.9104761338644682,0.9485377505877006,False,135,687194,1234244,d__Bacteria;p__Bacillota_A;c__Clostridia;o__Lachnospirales;f__Lachnospiraceae;g__Blautia_A;s__Blautia_A obeum
140000,0.000535233667726939,0.05388917132689375,0.0004052483484218253,0.00010532763375799274,1.2264150943396226,1.0,0.7174774845974169,/tmp/nxf.XXXXCs2Y11/sourmash_database/gtdb-rs214-reps.k51.zip,"GCF_002959915.1 Veillonella atypica KON strain=ATCC 17744, ASM295991v1",154e4b388ee290a12ac4205af985e5c8,0.0711743772241993,106000,162,12870000,SRR6915193_2.fastq.gz,SRR6915193,553aebf8,261568000,51,DNA,1000,261568,True,0.862688070693355,0.9495034403508044,0.9060957555220797,0.9495034403508044,False,130,687324,1234244,d__Bacteria;p__Bacillota_C;c__Negativicutes;o__Veillonellales;f__Veillonellaceae;g__Veillonella;s__Veillonella atypica
690000,0.0026379373623684854,0.037350246652572236,0.0004052483484218253,0.001111611642430508,12.943396226415095,11.0,10.349396289638626,/tmp/nxf.XXXXCs2Y11/sourmash_database/gtdb-rs214-reps.k51.zip,"GCF_023347295.1 Faecalibacterium sp. I3333 strain=I3333, ASM2334729v1",3b6cf553b824e515e9cd45240064d4e7,0.24312896405919662,106000,163,12764000,SRR6915193_2.fastq.gz,SRR6915193,553aebf8,261568000,51,DNA,1000,261568,True,0.8900954036846406,0.9726522199431376,0.931373811813889,0.9726522199431376,False,1372,688696,1234244,d__Bacteria;p__Bacillota_A;c__Clostridia;o__Oscillospirales;f__Ruminococcaceae;g__Faecalibacterium;s__Faecalibacterium sp003449675
177000,0.0006766882799119159,0.05361790733992712,0.00039377905554196233,0.00012396252280748378,1.4854368932038835,1.0,0.9938068190500342,/tmp/nxf.XXXXCs2Y11/sourmash_database/gtdb-rs214-reps.k51.zip,"GCF_003252795.1 Haemophilus parainfluenzae strain=C2004002729, ASM325279v1",42c5a5db458c8e523a0c87a0226616fa,0.09213951067152525,103000,164,12661000,SRR6915193_2.fastq.gz,SRR6915193,553aebf8,261568000,51,DNA,1000,261568,True,0.8666640019481683,0.9543221800480303,0.9104930909980993,0.9543221800480303,False,153,688849,1234244,d__Bacteria;p__Pseudomonadota;c__Gammaproteobacteria;o__Enterobacterales_A;f__Pasteurellaceae;g__Haemophilus_D;s__Haemophilus_D parainfluenzae_K
212000,0.0008104966968436506,0.035015447991761074,0.00038995595791534133,0.00017257527684963426,2.088235294117647,1.0,1.8634931418534166,/tmp/nxf.XXXXCs2Y11/sourmash_database/gtdb-rs214-reps.k51.zip,"GCF_009695995.1 Lachnospiraceae bacterium WCA3-601-WT-6H strain=WCA3-601-WT-6H, ASM969599v1",5d6c5014a4cd18c2fe5be407fbfab795,0.07277720562993477,102000,165,12559000,SRR6915193_2.fastq.gz,SRR6915193,553aebf8,261568000,51,DNA,1000,261568,True,0.8697356649361954,0.9499181457795932,0.9098269053578942,0.9499181457795932,False,213,689062,1234244,d__Bacteria;p__Bacillota_A;c__Clostridia;o__Lachnospirales;f__Lachnospiraceae;g__Acetatifactor;s__Acetatifactor intestinalis
634000,0.00242384389527771,0.03726937269372694,0.00038613286028872033,0.0003159829012739782,3.8613861386138613,3.0,3.99016042996238,/tmp/nxf.XXXXCs2Y11/sourmash_database/gtdb-rs214-reps.k51.zip,"GCF_003464165.1 Eubacterium sp. AM49-13BH strain=AM49-13BH, ASM346416v1",da82fc00386d73af7dc3628b35cb8147,0.23394833948339483,101000,166,12458000,SRR6915193_2.fastq.gz,SRR6915193,553aebf8,261568000,51,DNA,1000,261568,True,0.8886193734337168,0.971918398139598,0.9302688857866575,0.971918398139598,False,390,689452,1234244,d__Bacteria;p__Bacillota_A;c__Clostridia;o__Lachnospirales;f__Lachnospiraceae;g__Lachnospira;s__Lachnospira sp003451515
499000,0.0019077257156838758,0.035815602836879436,0.00038613286028872033,0.0010151963469135763,12.405940594059405,6.0,18.05447105581833,/tmp/nxf.XXXXCs2Y11/sourmash_database/gtdb-rs214-reps.k51.zip,"GCF_023347275.1 Faecalibacterium sp. I3389 strain=I3389, ASM2334727v1",105d513d0b8d24a4f97fa1ab6cc3e404,0.17695035460992908,101000,167,12357000,SRR6915193_2.fastq.gz,SRR6915193,553aebf8,261568000,51,DNA,1000,261568,True,0.8844571212307581,0.9666115695121391,0.9255343453714486,0.9666115695121391,False,1253,690705,1234244,d__Bacteria;p__Bacillota_A;c__Clostridia;o__Oscillospirales;f__Ruminococcaceae;g__Faecalibacterium;s__Faecalibacterium sp900758465
124000,0.0004740641057010032,0.04868355688027819,0.0003746635674088573,9.236423268008594e-05,1.163265306122449,1.0,0.3696075566586701,/tmp/nxf.XXXXCs2Y11/sourmash_database/gtdb-rs214-reps.k51.zip,"GCA_900549405.1 uncultured Clostridiales bacterium, UMGS1178",7e15087a4462b019f24930c99810648f,0.061599602583209144,98000,168,12259000,SRR6915193_2.fastq.gz,SRR6915193,553aebf8,261568000,51,DNA,1000,261568,True,0.8606376374957918,0.9468174065846101,0.903727522040201,0.9468174065846101,False,114,690819,1234244,d__Bacteria;p__Bacillota_A;c__Clostridia;o__Oscillospirales;f__Oscillospiraceae;g__Lawsonibacter;s__Lawsonibacter sp900549405
292000,0.00111634450697333,0.011552346570397111,0.0003670173721556154,0.00039052245747194235,5.020833333333333,3.0,8.838810212478952,/tmp/nxf.XXXXCs2Y11/sourmash_database/gtdb-rs214-reps.k51.zip,"GCA_900761785.1 uncultured Bacteroides sp., SRS098827_17",45fd8f7382853829c2c562be7916791a,0.03513838748495788,96000,169,12163000,SRR6915193_2.fastq.gz,SRR6915193,553aebf8,261568000,51,DNA,1000,261568,True,0.8752128612164974,0.936452855323743,0.9058328582701203,0.936452855323743,False,482,691301,1234244,d__Bacteria;p__Bacteroidota;c__Bacteroidia;o__Bacteroidales;f__Bacteroidaceae;g__Bacteroides;s__Bacteroides sp900761785
261000,0.0009978284805480793,0.023091881380651436,0.0003631942745289944,0.004057544537384828,52.71578947368421,58.0,34.974475853382515,/tmp/nxf.XXXXCs2Y11/sourmash_database/gtdb-rs214-reps.k51.zip,"GCA_025146565.1 Bacteroides eggerthii strain=DSM 20697, ASM2514656v1",45ad3ec1bc53e1675a4c17a92223f768,0.063441905687895,95000,170,12068000,SRR6915193_2.fastq.gz,SRR6915193,553aebf8,261568000,51,DNA,1000,261568,True,0.8732889375523116,0.9473646617144655,0.9103267996333886,0.9473646617144655,False,5008,696309,1234244,d__Bacteria;p__Bacteroidota;c__Bacteroidia;o__Bacteroidales;f__Bacteroidaceae;g__Bacteroides;s__Bacteroides eggerthii
402000,0.0015368852459016393,0.01989730423620026,0.0003555480792757524,0.00013449528618328304,1.7849462365591398,1.0,1.1153808584851561,/tmp/nxf.XXXXCs2Y11/sourmash_database/gtdb-rs214-reps.k51.zip,"GCF_000026225.1 Escherichia fergusonii ATCC 35469 strain=ATCC 35469T, ASM2622v1",7dbe6010890b58df30d52f7c51938181,0.08600770218228498,93000,171,11975000,SRR6915193_2.fastq.gz,SRR6915193,553aebf8,261568000,51,DNA,1000,261568,True,0.8807164470257894,0.9530343967310881,0.9168754218784387,0.9530343967310881,False,166,696475,1234244,d__Bacteria;p__Pseudomonadota;c__Gammaproteobacteria;o__Enterobacterales;f__Enterobacteriaceae;g__Escherichia;s__Escherichia fergusonii
460000,0.001758624908245657,0.022957294495186374,0.0003555480792757524,0.00012801358564432964,1.6989247311827957,1.0,1.9608257325612573,/tmp/nxf.XXXXCs2Y11/sourmash_database/gtdb-rs214-reps.k51.zip,"GCF_013304735.1 Blautia luti strain=MSK.16.34, ASM1330473v1",f94992f34c1453c8a3bbe507e60a272f,0.11355220933102937,93000,172,11882000,SRR6915193_2.fastq.gz,SRR6915193,553aebf8,261568000,51,DNA,1000,261568,True,0.8830469373695171,0.9582402814604132,0.9206436094149651,0.9582402814604132,False,158,696633,1234244,d__Bacteria;p__Bacillota_A;c__Clostridia;o__Lachnospirales;f__Lachnospiraceae;g__Blautia_A;s__Blautia_A sp900066205
383000,0.0014642463909958405,0.02047860101242522,0.00034025568876926843,0.00010532763375799274,1.4606741573033708,1.0,1.2091057125676048,/tmp/nxf.XXXXCs2Y11/sourmash_database/gtdb-rs214-reps.k51.zip,"GCA_900754605.1 uncultured Oscillospiraceae bacterium, ERS396504_64",f167964a7b0f7c95cf930e6cf86141da,0.08812701334560516,89000,173,11793000,SRR6915193_2.fastq.gz,SRR6915193,553aebf8,261568000,51,DNA,1000,261568,True,0.8798807313174318,0.9534893877795955,0.9166850595485136,0.9534893877795955,False,130,696763,1234244,d__Bacteria;p__Bacillota_A;c__Clostridia;o__Oscillospirales;f__Oscillospiraceae;g__Lawsonibacter;s__Lawsonibacter sp900754605
504000,0.0019268412038169808,0.0370216306156406,0.00034025568876926843,0.0011545529085010744,16.01123595505618,14.0,13.991565984446995,/tmp/nxf.XXXXCs2Y11/sourmash_database/gtdb-rs214-reps.k51.zip,"GCA_934503275.1 uncultured Faecalibacterium sp., ERR7745836_bin.91",3f4832756e9bf5a47b2f35a3f2cc7b70,0.2096505823627288,89000,174,11704000,SRR6915193_2.fastq.gz,SRR6915193,553aebf8,261568000,51,DNA,1000,261568,True,0.884630043817309,0.9698308648947279,0.9272304543560185,0.9698308648947279,False,1425,698188,1234244,d__Bacteria;p__Bacillota_A;c__Clostridia;o__Oscillospirales;f__Ruminococcaceae;g__Faecalibacterium;s__Faecalibacterium sp934503275
113000,0.00043201003180817223,0.03301186943620178,0.00034025568876926843,9.7225508084301e-05,1.348314606741573,1.0,1.281687121941501,/tmp/nxf.XXXXCs2Y11/sourmash_database/gtdb-rs214-reps.k51.zip,"GCF_000332875.2 Anaerostipes hadrus DSM 3319 strain=DSM 3319, ASM33287v2",11a8e5e9f5fa6b11c020b08a3ba744de,0.04191394658753709,89000,175,11615000,SRR6915193_2.fastq.gz,SRR6915193,553aebf8,261568000,51,DNA,1000,261568,True,0.8590714592859973,0.9396960961981955,0.8993837777420963,0.9396960961981955,False,120,698308,1234244,d__Bacteria;p__Bacillota_A;c__Clostridia;o__Lachnospirales;f__Lachnospiraceae;g__Anaerostipes;s__Anaerostipes hadrus
204000,0.0007799119158306827,0.012801862089031132,0.0003364325911426474,0.002167318617712543,30.397727272727273,2.0,53.90638766601179,/tmp/nxf.XXXXCs2Y11/sourmash_database/gtdb-rs214-reps.k51.zip,"GCF_020091405.1 Bacteroides cellulosilyticus strain=BFG-250, ASM2009140v1",e37ed1690502390971d446c82f6240b5,0.029677043933663078,88000,176,11527000,SRR6915193_2.fastq.gz,SRR6915193,553aebf8,261568000,51,DNA,1000,261568,True,0.8690799221370847,0.9333563006116876,0.9012181113743862,0.9333563006116876,False,2675,700983,1234244,d__Bacteria;p__Bacteroidota;c__Bacteroidia;o__Bacteroidales;f__Bacteroidaceae;g__Bacteroides;s__Bacteroides sp900552405
277000,0.001058998042574015,0.028169014084507043,0.0003364325911426474,0.0009455180661198272,13.261363636363637,13.0,9.815912774420998,/tmp/nxf.XXXXCs2Y11/sourmash_database/gtdb-rs214-reps.k51.zip,"GCF_024462815.1 Gemmiger formicilis strain=DFI.6.10, ASM2446281v1",56f45cdd9e9b1b6477bb6ce51d95b91e,0.08866837387964148,88000,177,11439000,SRR6915193_2.fastq.gz,SRR6915193,553aebf8,261568000,51,DNA,1000,261568,True,0.874308319463917,0.9536038912840189,0.913956105373968,0.9536038912840189,False,1167,702150,1234244,d__Bacteria;p__Bacillota_A;c__Clostridia;o__Oscillospirales;f__Ruminococcaceae;g__Gemmiger;s__Gemmiger sp900554145
103000,0.00039377905554196233,0.032499066118789686,0.0003326094935160264,0.002389316861171697,33.89655172413793,32.0,17.68825474504157,/tmp/nxf.XXXXCs2Y11/sourmash_database/gtdb-rs214-reps.k51.zip,"GCA_003343885.1 Clostridiales bacterium, ASM334388v1",669595159d95a0f0799a6188245f7d74,0.038475905864774,87000,178,11352000,SRR6915193_2.fastq.gz,SRR6915193,553aebf8,261568000,51,DNA,1000,261568,True,0.8575120810553961,0.9381204538025274,0.8978162674289618,0.9381204538025274,False,2949,705099,1234244,d__Bacteria;p__Bacillota_A;c__Clostridia;o__Oscillospirales;f__CAG-382;g__UMGS882;s__UMGS882 sp003343885
179000,0.0006843344751651579,0.02218821729150727,0.0003326094935160264,0.001014386134346207,14.39080459770115,4.0,40.29869976563634,/tmp/nxf.XXXXCs2Y11/sourmash_database/gtdb-rs214-reps.k51.zip,"GCF_900128475.1 Mediterranea massiliensis strain=Marseille-P2645, PRJEB18047",bba2d13f96a689172f240f285106cdb4,0.0456516194848253,87000,179,11265000,SRR6915193_2.fastq.gz,SRR6915193,553aebf8,261568000,51,DNA,1000,261568,True,0.8668549622031881,0.9412713222636628,0.9040631422334255,0.9412713222636628,False,1252,706351,1234244,d__Bacteria;p__Bacteroidota;c__Bacteroidia;o__Bacteroidales;f__Bacteroidaceae;g__Mediterranea;s__Mediterranea massiliensis
206000,0.0007875581110839247,0.044605809128630707,0.0003287863958894054,8.912338241060925e-05,1.2790697674418605,1.0,0.5424141297530511,/tmp/nxf.XXXXCs2Y11/sourmash_database/gtdb-rs214-reps.k51.zip,"GCA_915066865.1 uncultured Veillonella sp., SRR1044034_bin.2_metaWRAP_v1.1_MAG",663bf18a7293452400a08297b32a77ae,0.10684647302904564,86000,180,11179000,SRR6915193_2.fastq.gz,SRR6915193,553aebf8,261568000,51,DNA,1000,261568,True,0.8692461908980568,0.9570972803838179,0.9131717356409373,0.9570972803838179,False,110,706461,1234244,d__Bacteria;p__Bacillota_C;c__Negativicutes;o__Veillonellales;f__Veillonellaceae;g__Veillonella;s__Veillonella sp915066865
304000,0.001162221678492782,0.023882254929186338,0.0003287863958894054,0.00015150975009803572,2.1744186046511627,1.0,2.5066973568270328,/tmp/nxf.XXXXCs2Y11/sourmash_database/gtdb-rs214-reps.k51.zip,"GCF_004123145.1 Blautia sp. KGMB01111 strain=KGMB01111, ASM412314v1",aebd2d7ffb499bdcdd21e8d84a624740,0.08442099416828659,86000,181,11093000,SRR6915193_2.fastq.gz,SRR6915193,553aebf8,261568000,51,DNA,1000,261568,True,0.8759042760331581,0.9526864955077748,0.9142953857704665,0.9526864955077748,False,187,706648,1234244,d__Bacteria;p__Bacillota_A;c__Clostridia;o__Lachnospirales;f__Lachnospiraceae;g__Oliverpabstia;s__Oliverpabstia faecicola
87000,0.0003326094935160264,0.028891910265125765,0.0003249632982627844,7.12987059284874e-05,1.035294117647059,1.0,0.1845222016630367,/tmp/nxf.XXXXCs2Y11/sourmash_database/gtdb-rs214-reps.k51.zip,"GCA_019114465.1 Candidatus Lachnoclostridium avicola, ASM1911446v1",e8b4b1b1f6c07e6dc2105b112466e513,0.02957171991842284,85000,182,11008000,SRR6915193_2.fastq.gz,SRR6915193,553aebf8,261568000,51,DNA,1000,261568,True,0.8546782262258736,0.9332912366181284,0.8939847314220011,0.9332912366181284,False,88,706736,1234244,d__Bacteria;p__Bacillota_A;c__Clostridia;o__Lachnospirales;f__Lachnospiraceae;g__Lachnoclostridium_A;s__Lachnoclostridium_A avicola
425000,0.0016248164913139221,0.029850746268656716,0.0003211402006361634,0.0001199114599706379,1.7619047619047619,1.0,0.9337462643394083,/tmp/nxf.XXXXCs2Y11/sourmash_database/gtdb-rs214-reps.k51.zip,"GCA_934370915.1 uncultured Lachnospiraceae bacterium, ERR7738605_bin.28",87f23186334410e13da42ef5217bdd83,0.15103056147832267,84000,183,10924000,SRR6915193_2.fastq.gz,SRR6915193,553aebf8,261568000,51,DNA,1000,261568,True,0.8816777652472928,0.9636142907013735,0.9226460279743331,0.9636142907013735,False,148,706884,1234244,d__Bacteria;p__Bacillota_A;c__Clostridia;o__Lachnospirales;f__Lachnospiraceae;g__Copromonas;s__Copromonas sp934370915
362000,0.0013839613408367997,0.030042918454935622,0.0003211402006361634,0.0005396015698678706,7.928571428571429,5.0,8.921330397111284,/tmp/nxf.XXXXCs2Y11/sourmash_database/gtdb-rs214-reps.k51.zip,"GCF_002549775.1 Faecalibacterium prausnitzii strain=CNCM I 4541, ASM254977v1",eb40598c1722e97290f7f6c71aed872e,0.12947067238912732,84000,184,10840000,SRR6915193_2.fastq.gz,SRR6915193,553aebf8,261568000,51,DNA,1000,261568,True,0.8789083835205252,0.9607084180361466,0.9198084007783359,0.9607084180361466,False,666,707550,1234244,d__Bacteria;p__Bacillota_A;c__Clostridia;o__Oscillospirales;f__Ruminococcaceae;g__Faecalibacterium;s__Faecalibacterium prausnitzii_F
157000,0.0006002263273794959,0.039923954372623575,0.0003211402006361634,8.75029572758709e-05,1.2857142857142858,1.0,0.5471012044321932,/tmp/nxf.XXXXCs2Y11/sourmash_database/gtdb-rs214-reps.k51.zip,"GCF_002959775.1 Veillonella rogosae JCM 15642 strain=JCM 15642, ASM295977v1",e30e2af4a8960abd49eaf2e4a6d4c29e,0.07461977186311787,84000,185,10756000,SRR6915193_2.fastq.gz,SRR6915193,553aebf8,261568000,51,DNA,1000,261568,True,0.8646288184900521,0.9503839566482929,0.9075063875691725,0.9503839566482929,False,108,707658,1234244,d__Bacteria;p__Bacillota_C;c__Negativicutes;o__Veillonellales;f__Veillonellaceae;g__Veillonella;s__Veillonella rogosae
242000,0.0009251896256422804,0.017632241813602016,0.0003211402006361634,0.00018391825279280273,2.7023809523809526,1.0,11.764332456225029,/tmp/nxf.XXXXCs2Y11/sourmash_database/gtdb-rs214-reps.k51.zip,"GCF_020554865.1 Lacrimispora sp. 210928-DFI.3.58 strain=DFI.3.58, ASM2055486v1",4213eb657fed6750e864452b8c115f42,0.05079764903442485,84000,186,10672000,SRR6915193_2.fastq.gz,SRR6915193,553aebf8,261568000,51,DNA,1000,261568,True,0.8719956702394631,0.9432447237832187,0.9076201970113409,0.9432447237832187,False,227,707885,1234244,d__Bacteria;p__Bacillota_A;c__Clostridia;o__Lachnospirales;f__Lachnospiraceae;g__Enterocloster;s__Enterocloster sp900753815
97000,0.0003708404697822364,0.04946364719904649,0.0003173171030095425,0.00011829103483589954,1.7590361445783131,1.0,2.7707176289576063,/tmp/nxf.XXXXCs2Y11/sourmash_database/gtdb-rs214-reps.k51.zip,"GCA_900554855.1 uncultured Clostridiales bacterium, UMGS1766",419848fd24e958f103dbd380b564b475,0.05780691299165673,83000,187,10589000,SRR6915193_2.fastq.gz,SRR6915193,553aebf8,261568000,51,DNA,1000,261568,True,0.8565035340555305,0.9456383873244185,0.9010709606899745,0.9456383873244185,False,146,708031,1234244,d__Bacteria;p__Bacillota_A;c__Clostridia;o__Oscillospirales;f__Oscillospiraceae;g__UMGS1766;s__UMGS1766 sp900554855
389000,0.0014871849767555665,0.016040688575899843,0.0003134940053829215,0.00033056672748662337,4.975609756097561,2.0,11.417760672502247,/tmp/nxf.XXXXCs2Y11/sourmash_database/gtdb-rs214-reps.k51.zip,"GCA_900762515.1 uncultured Odoribacter sp., SRS144506_36",81ef5d08316e74d552edff3f0ef7eae3,0.07609546165884194,82000,188,10507000,SRR6915193_2.fastq.gz,SRR6915193,553aebf8,261568000,51,DNA,1000,261568,True,0.8801489521508542,0.950748957688187,0.9154489549195206,0.950748957688187,False,408,708439,1234244,d__Bacteria;p__Bacteroidota;c__Bacteroidia;o__Bacteroidales;f__Marinifilaceae;g__Odoribacter;s__Odoribacter sp900762515
84000,0.0003211402006361634,0.044956140350877194,0.0003134940053829215,7.45395561979641e-05,1.1219512195121952,1.0,0.3625870426175245,/tmp/nxf.XXXXCs2Y11/sourmash_database/gtdb-rs214-reps.k51.zip,"GCF_000160055.1 Dialister invisus DSM 15470 strain=DSM 15470, ASM16005v1",f5affa7513f69773c6fae6e4919ba6cc,0.046052631578947366,82000,189,10425000,SRR6915193_2.fastq.gz,SRR6915193,553aebf8,261568000,51,DNA,1000,261568,True,0.8540903542418057,0.9414327516722718,0.8977615529570387,0.9414327516722718,False,92,708531,1234244,d__Bacteria;p__Bacillota_C;c__Negativicutes;o__Veillonellales;f__Dialisteraceae;g__Dialister;s__Dialister invisus
213000,0.0008143197944702716,0.04297082228116711,0.0003096709077563005,0.0001037072086232544,1.5802469135802468,1.0,0.94102908642763,/tmp/nxf.XXXXCs2Y11/sourmash_database/gtdb-rs214-reps.k51.zip,"GCA_900772675.1 Lachnospiraceae bacterium, SRS883021_119",d4c456021a0e52a18f9e9140a659c495,0.1129973474801061,81000,190,10344000,SRR6915193_2.fastq.gz,SRR6915193,553aebf8,261568000,51,DNA,1000,261568,True,0.8698159212127892,0.9581482500867238,0.9139820856497565,0.9581482500867238,False,128,708659,1234244,d__Bacteria;p__Bacillota_A;c__Clostridia;o__Lachnospirales;f__Lachnospiraceae;g__Fusicatenibacter;s__Fusicatenibacter sp900772675
160000,0.000611695620259359,0.02282333051563821,0.0003096709077563005,8.021104416954832e-05,1.2222222222222223,1.0,0.5211573066470477,/tmp/nxf.XXXXCs2Y11/sourmash_database/gtdb-rs214-reps.k51.zip,"GCA_934292725.1 uncultured Lachnospiraceae bacterium, ERR7738588_bin.131",ca1411c0b167b687b3aba2c99d7cc8a4,0.04508312200619893,81000,191,10263000,SRR6915193_2.fastq.gz,SRR6915193,553aebf8,261568000,51,DNA,1000,261568,True,0.8649497741795036,0.9410400721725091,0.9029949231760064,0.9410400721725091,False,99,708758,1234244,d__Bacteria;p__Bacillota_A;c__Clostridia;o__Lachnospirales;f__Lachnospiraceae;g__KLE1615;s__KLE1615 sp934292725
395000,0.0015101235625152923,0.014994446501295817,0.0003096709077563005,0.002448462378589647,37.30864197530864,6.0,198.7817614640447,/tmp/nxf.XXXXCs2Y11/sourmash_database/gtdb-rs214-reps.k51.zip,"GCF_003865075.1 Bacteroides sp. KCTC 15687 strain=KCTC 15687, ASM386507v1",861813cba2a42ef08ae1ac15114d1819,0.0731210662717512,81000,192,10182000,SRR6915193_2.fastq.gz,SRR6915193,553aebf8,261568000,51,DNA,1000,261568,True,0.8804131472977776,0.9500059467264154,0.9152095470120964,0.9500059467264154,False,3022,711780,1234244,d__Bacteria;p__Bacteroidota;c__Bacteroidia;o__Bacteroidales;f__Bacteroidaceae;g__Bacteroides;s__Bacteroides faecalis
376000,0.0014374847076094935,0.022985244040862655,0.0003096709077563005,0.0004237411727340785,6.45679012345679,1.0,10.559706064366962,/tmp/nxf.XXXXCs2Y11/sourmash_database/gtdb-rs214-reps.k51.zip,"GCF_014287635.1 Roseburia sp. BX1005 strain=BX1005, ASM1428763v1",e5d7e80cf6a3cbaa332274b1b372c3a7,0.10669693530079455,81000,193,10101000,SRR6915193_2.fastq.gz,SRR6915193,553aebf8,261568000,51,DNA,1000,261568,True,0.8795625507379752,0.9570709974030028,0.918316774070489,0.9570709974030028,False,523,712303,1234244,d__Bacteria;p__Bacillota_A;c__Clostridia;o__Lachnospirales;f__Lachnospiraceae;g__1XD42-69;s__1XD42-69 sp014287635
191000,0.0007302116466846098,0.0410958904109589,0.00029820161487643747,0.0003816101192308814,6.038461538461538,6.0,4.810358235213341,/tmp/nxf.XXXXCs2Y11/sourmash_database/gtdb-rs214-reps.k51.zip,"GCA_900552015.1 uncultured Clostridiales bacterium, UMGS1455",88395682eadfb389a747962856f864f7,0.10063224446786091,78000,194,10023000,SRR6915193_2.fastq.gz,SRR6915193,553aebf8,261568000,51,DNA,1000,261568,True,0.8679585691623628,0.9559734406521773,0.91196600490727,0.9559734406521773,False,471,712774,1234244,d__Bacteria;p__Bacillota_A;c__Clostridia;o__Oscillospirales;f__Oscillospiraceae;g__ER4;s__ER4 sp900552015
458000,0.001750978712992415,0.02807145461173897,0.00029437851724981647,0.00014178719928960561,2.272727272727273,2.0,1.4291616254272503,/tmp/nxf.XXXXCs2Y11/sourmash_database/gtdb-rs214-reps.k51.zip,"GCF_000269965.1 Bifidobacterium longum subsp. infantis ATCC 15697 = JCM 1222 = DSM 20088 strain=JCM 1222, ASM26996v1",9e122949c1d8c7291ae948248c84e820,0.16697047028800582,77000,195,9946000,SRR6915193_2.fastq.gz,SRR6915193,553aebf8,261568000,51,DNA,1000,261568,True,0.8829714953931046,0.9655119216505159,0.9242417085218102,0.9655119216505159,False,175,712949,1234244,d__Bacteria;p__Actinomycetota;c__Actinomycetia;o__Actinomycetales;f__Bifidobacteriaceae;g__Bifidobacterium;s__Bifidobacterium infantis
120000,0.0004587717151945192,0.025048796356538713,0.00029437851724981647,0.00011505018456642285,1.844155844155844,1.0,2.279581501036636,/tmp/nxf.XXXXCs2Y11/sourmash_database/gtdb-rs214-reps.k51.zip,"GCF_003477605.1 Clostridium sp. AF37-5 strain=AF37-5, ASM347760v1",0fa591a160b88ae9b14466b587521f5d,0.03903708523096942,77000,196,9869000,SRR6915193_2.fastq.gz,SRR6915193,553aebf8,261568000,51,DNA,1000,261568,True,0.8600844789528276,0.9383868419296978,0.8992356604412627,0.9383868419296978,False,142,713091,1234244,d__Bacteria;p__Bacillota_A;c__Clostridia;o__Lachnospirales;f__Lachnospiraceae;g__Eubacterium_F;s__Eubacterium_F sp003491505
324000,0.001238683631025202,0.024257899776571976,0.0002905554196231955,0.00012072167253800707,1.9605263157894737,1.5,1.6095176579996695,/tmp/nxf.XXXXCs2Y11/sourmash_database/gtdb-rs214-reps.k51.zip,"GCA_900542495.1 uncultured Roseburia sp., UMGS472",fe149b60c845ed9371f2578172f1c768,0.10341525694222789,76000,197,9793000,SRR6915193_2.fastq.gz,SRR6915193,553aebf8,261568000,51,DNA,1000,261568,True,0.8769992531054354,0.956484925304321,0.9167420892048782,0.956484925304321,False,149,713240,1234244,d__Bacteria;p__Bacillota_A;c__Clostridia;o__Lachnospirales;f__Lachnospiraceae;g__Roseburia;s__Roseburia sp900542495
464000,0.001773917298752141,0.018924302788844622,0.0002905554196231955,0.00012558294794222212,2.039473684210526,2.0,1.4549442878977965,/tmp/nxf.XXXXCs2Y11/sourmash_database/gtdb-rs214-reps.k51.zip,"GCF_014287515.2 Roseburia sp. NSJ-69 strain=NSJ-69, ASM1428751v2",bdfe3843830bc5a0201ffceb3183fb4d,0.11553784860557768,76000,198,9717000,SRR6915193_2.fastq.gz,SRR6915193,553aebf8,261568000,51,DNA,1000,261568,True,0.8831968613851301,0.9585660529275642,0.9208814571563472,0.9585660529275642,False,155,713395,1234244,d__Bacteria;p__Bacillota_A;c__Clostridia;o__Lachnospirales;f__Lachnospiraceae;g__Roseburia;s__Roseburia sp003470905
359000,0.0013724920479569367,0.025753981701118266,0.0002905554196231955,0.000472353926776229,7.671052631578948,6.5,6.888946443578515,/tmp/nxf.XXXXCs2Y11/sourmash_database/gtdb-rs214-reps.k51.zip,"GCF_019967995.1 Faecalibacterium prausnitzii strain=Fp77, ASM1996799v1",264221f02d0ea5438188a28327519ed3,0.12165367671975602,76000,199,9641000,SRR6915193_2.fastq.gz,SRR6915193,553aebf8,261568000,51,DNA,1000,261568,True,0.8787649810970654,0.9595360130399416,0.9191504970685035,0.9595360130399416,False,583,713978,1234244,d__Bacteria;p__Bacillota_A;c__Clostridia;o__Oscillospirales;f__Ruminococcaceae;g__Faecalibacterium;s__Faecalibacterium prausnitzii_E
394000,0.0015063004648886713,0.016841147018661812,0.0002829092243699535,9.236423268008594e-05,1.5405405405405406,1.0,1.0550930430239533,/tmp/nxf.XXXXCs2Y11/sourmash_database/gtdb-rs214-reps.k51.zip,"GCA_021307345.1 Escherichia coli strain=E69, ASM2130734v1",16da23244605ebeb4b38a016ebcc0853,0.08966772872098316,74000,200,9567000,SRR6915193_2.fastq.gz,SRR6915193,553aebf8,261568000,51,DNA,1000,261568,True,0.880369389165644,0.9538134764545748,0.9170914328101094,0.9538134764545748,False,114,714092,1234244,d__Bacteria;p__Pseudomonadota;c__Gammaproteobacteria;o__Enterobacterales;f__Enterobacteriaceae;g__Escherichia;s__Escherichia ruysiae
199000,0.0007607964276975777,0.018334985133795837,0.0002829092243699535,0.00020660420467913962,3.445945945945946,1.0,6.590619648290251,/tmp/nxf.XXXXCs2Y11/sourmash_database/gtdb-rs214-reps.k51.zip,"GCF_000949455.1 Ruthenibacterium lactatiformans strain=585-1, ASM94945v1",1562c71162861a5c6e3bb1e6d2a266f2,0.049306243805748266,74000,201,9493000,SRR6915193_2.fastq.gz,SRR6915193,553aebf8,261568000,51,DNA,1000,261568,True,0.8686571550919251,0.9426937459055561,0.9056754504987405,0.9426937459055561,False,255,714347,1234244,d__Bacteria;p__Bacillota_A;c__Clostridia;o__Oscillospirales;f__Ruminococcaceae;g__Ruthenibacterium;s__Ruthenibacterium lactatiformans
162000,0.000619341815512601,0.009826052317089363,0.0002829092243699535,6.724764309164152e-05,1.1216216216216217,1.0,0.43348689006339025,/tmp/nxf.XXXXCs2Y11/sourmash_database/gtdb-rs214-reps.k51.zip,"GCF_001881565.1 Eisenbergiella tayi strain=DSM 26961, ASM188156v1",9baf6a48dca37589fb064628236b2af5,0.021511087504979418,74000,202,9419000,SRR6915193_2.fastq.gz,SRR6915193,553aebf8,261568000,51,DNA,1000,261568,True,0.8651604832889824,0.9274854498334654,0.8963229665612239,0.9274854498334654,False,83,714430,1234244,d__Bacteria;p__Bacillota_A;c__Clostridia;o__Lachnospirales;f__Lachnospiraceae;g__Eisenbergiella;s__Eisenbergiella tayi
161000,0.00061551871788598,0.03449905482041588,0.0002790861267433325,8.021104416954832e-05,1.356164383561644,1.0,0.8337054276549556,/tmp/nxf.XXXXCs2Y11/sourmash_database/gtdb-rs214-reps.k51.zip,"GCF_000191405.1 Haemophilus parainfluenzae ATCC 33392 strain=ATCC 33392, ASM19140v1",b1e22ace646ab35a4d62e77d146363fc,0.07608695652173914,73000,203,9346000,SRR6915193_2.fastq.gz,SRR6915193,553aebf8,261568000,51,DNA,1000,261568,True,0.8650554495089314,0.9507468739553289,0.9079011617321302,0.9507468739553289,False,99,714529,1234244,d__Bacteria;p__Pseudomonadota;c__Gammaproteobacteria;o__Enterobacterales_A;f__Pasteurellaceae;g__Haemophilus_D;s__Haemophilus_D parainfluenzae
73000,0.0002790861267433325,0.02598339949476723,0.0002752630291167115,6.238636768742647e-05,1.0694444444444444,1.0,0.25420840580171006,/tmp/nxf.XXXXCs2Y11/sourmash_database/gtdb-rs214-reps.k51.zip,"GCA_004552515.1 Clostridiales bacterium, ASM455251v1",a3899496ca6e12975bd8a52d305f91f5,0.026344280043305666,72000,204,9274000,SRR6915193_2.fastq.gz,SRR6915193,553aebf8,261568000,51,DNA,1000,261568,True,0.8517430393724327,0.9311787688553521,0.8914609041138923,0.9311787688553521,False,77,714606,1234244,d__Bacteria;p__Bacillota_A;c__Clostridia;o__Christensenellales;f__CAG-74;g__Firm-10;s__Firm-10 sp004552515
297000,0.001135459995106435,0.025087108013937282,0.0002752630291167115,9.479487038219347e-05,1.625,1.0,0.9042722672587794,/tmp/nxf.XXXXCs2Y11/sourmash_database/gtdb-rs214-reps.k51.zip,"GCA_022713905.1 Collinsella sp., ASM2271390v1",823a3cb35afe74aa665ddf9fdd803a9d,0.1034843205574913,72000,205,9202000,SRR6915193_2.fastq.gz,SRR6915193,553aebf8,261568000,51,DNA,1000,261568,True,0.875504275573855,0.9564974460591801,0.9160008608165175,0.9564974460591801,False,117,714723,1234244,d__Bacteria;p__Actinomycetota;c__Coriobacteriia;o__Coriobacteriales;f__Coriobacteriaceae;g__Collinsella;s__Collinsella sp022713905
395000,0.0015101235625152923,0.01842241826673586,0.0002714399314900905,0.0005209666808183795,9.056338028169014,4.0,13.365803879697085,/tmp/nxf.XXXXCs2Y11/sourmash_database/gtdb-rs214-reps.k51.zip,"GCA_902363675.1 Lachnospiraceae bacterium, MGYG-HGUT-00136",ac960028eaa927f2a1488994266a8e78,0.10249091852620654,71000,206,9131000,SRR6915193_2.fastq.gz,SRR6915193,553aebf8,261568000,51,DNA,1000,261568,True,0.8804131472977776,0.9563165554754979,0.9183648513866378,0.9563165554754979,False,643,715366,1234244,d__Bacteria;p__Bacillota_A;c__Clostridia;o__Lachnospirales;f__Lachnospiraceae;g__Agathobacter;s__Agathobacter sp000434275
370000,0.0014145461218497675,0.013554791905307369,0.0002714399314900905,0.0011796694980895188,20.507042253521128,3.0,89.60678942451874,/tmp/nxf.XXXXCs2Y11/sourmash_database/gtdb-rs214-reps.k51.zip,"GCF_000614185.1 Bacteroides sartorii JCM 17136 = DSM 21941 strain=JCM 17136, ASM61418v1",7e3d0fc97f902ac211403817c187551b,0.07063764795723558,71000,207,9060000,SRR6915193_2.fastq.gz,SRR6915193,553aebf8,261568000,51,DNA,1000,261568,True,0.8792851677335742,0.9493625217168087,0.9143238447251915,0.9493625217168087,False,1456,716822,1234244,d__Bacteria;p__Bacteroidota;c__Bacteroidia;o__Bacteroidales;f__Bacteroidaceae;g__Phocaeicola;s__Phocaeicola sartorii
110000,0.0004205407389283093,0.020134228187919462,0.0002637937362368485,0.00012558294794222212,2.246376811594203,1.0,4.5569052462422786,/tmp/nxf.XXXXCs2Y11/sourmash_database/gtdb-rs214-reps.k51.zip,"GCA_001916965.1 Roseburia sp. CAG:10041_57, ASM191696v1",143f00408561c1dbbe45b48e518f5dbc,0.03209804493726291,69000,208,8991000,SRR6915193_2.fastq.gz,SRR6915193,553aebf8,261568000,51,DNA,1000,261568,True,0.8586183352055639,0.9347926011075708,0.8967054681565674,0.9347926011075708,False,155,716977,1234244,d__Bacteria;p__Bacillota_A;c__Clostridia;o__Lachnospirales;f__Lachnospiraceae;g__COE1;s__COE1 sp001916965
133000,0.0005084719843405921,0.010365853658536586,0.00025997063861022757,9.479487038219347e-05,1.7205882352941178,1.0,1.7136612699413165,/tmp/nxf.XXXXCs2Y11/sourmash_database/gtdb-rs214-reps.k51.zip,"GCF_002234575.2 Enterocloster bolteae strain=ATCC BAA-613, ASM223457v2",b5edd45c572fe04753d4848d8e14e842,0.02027439024390244,68000,209,8923000,SRR6915193_2.fastq.gz,SRR6915193,553aebf8,261568000,51,DNA,1000,261568,True,0.8618208575886883,0.9264092826947088,0.8941150701416986,0.9264092826947088,False,117,717094,1234244,d__Bacteria;p__Bacillota_A;c__Clostridia;o__Lachnospirales;f__Lachnospiraceae;g__Enterocloster;s__Enterocloster bolteae
181000,0.0006919806704183999,0.023052741879147746,0.00025232444335698557,7.697019390007162e-05,1.4393939393939394,1.0,0.9395161210865149,/tmp/nxf.XXXXCs2Y11/sourmash_database/gtdb-rs214-reps.k51.zip,"GCA_025150745.1 Eubacterium ventriosum strain=ATCC 27560, ASM2515074v1",440e1bb1587f3739d335baca21132760,0.06322039818372337,66000,210,8857000,SRR6915193_2.fastq.gz,SRR6915193,553aebf8,261568000,51,DNA,1000,261568,True,0.8670438420110478,0.947299693099011,0.9071717675550294,0.947299693099011,False,95,717189,1234244,d__Bacteria;p__Bacillota_A;c__Clostridia;o__Lachnospirales;f__Lachnospiraceae;g__Eubacterium_G;s__Eubacterium_G ventriosum
229000,0.0008754893564962075,0.03389830508474576,0.00025232444335698557,6.481700538953399e-05,1.2121212121212122,1.0,0.4772125984249582,/tmp/nxf.XXXXCs2Y11/sourmash_database/gtdb-rs214-reps.k51.zip,"GCF_003463825.1 Veillonella sp. AM51-8BH strain=AM51-8BH, ASM346382v1",2d4d8dadadaddd661e40a415515f6c39,0.11761684643040575,66000,211,8791000,SRR6915193_2.fastq.gz,SRR6915193,553aebf8,261568000,51,DNA,1000,261568,True,0.8710521052095518,0.958901310951247,0.9149767080803994,0.958901310951247,False,80,717269,1234244,d__Bacteria;p__Bacillota_C;c__Negativicutes;o__Veillonellales;f__Veillonellaceae;g__Veillonella;s__Veillonella sp003463825
253000,0.0009672436995351114,0.02013007122948281,0.00024850134573036457,8.345189443902503e-05,1.5846153846153845,1.0,1.896493182305843,/tmp/nxf.XXXXCs2Y11/sourmash_database/gtdb-rs214-reps.k51.zip,"GCA_025150245.1 Dorea formicigenerans strain=ATCC 27755, ASM2515024v1",7b7bf80b0639b07bda378c4de7e251f0,0.07835243109321771,65000,212,8726000,SRR6915193_2.fastq.gz,SRR6915193,553aebf8,261568000,51,DNA,1000,261568,True,0.8727560357656438,0.9512939931232549,0.9120250144444493,0.9512939931232549,False,103,717372,1234244,d__Bacteria;p__Bacillota_A;c__Clostridia;o__Lachnospirales;f__Lachnospiraceae;g__Dorea;s__Dorea formicigenerans
295000,0.001127813799853193,0.030061061531235323,0.00024467824810374357,0.0003313769400539926,6.390625,3.0,8.243590668475418,/tmp/nxf.XXXXCs2Y11/sourmash_database/gtdb-rs214-reps.k51.zip,"GCA_934511465.1 uncultured Faecalibacterium sp., ERR7745828_bin.158",49f0e349f7b13cf7af33c3c4436d65cc,0.1385627054955378,64000,213,8662000,SRR6915193_2.fastq.gz,SRR6915193,553aebf8,261568000,51,DNA,1000,261568,True,0.8753882912584369,0.9619877380787769,0.918688014668607,0.9619877380787769,False,409,717781,1234244,d__Bacteria;p__Bacillota_A;c__Clostridia;o__Oscillospirales;f__Ruminococcaceae;g__Faecalibacterium;s__Faecalibacterium sp934511465
81000,0.0003096709077563005,0.011504583857630774,0.00024467824810374357,5.83353048505806e-05,1.125,1.0,0.33071891388307384,/tmp/nxf.XXXXCs2Y11/sourmash_database/gtdb-rs214-reps.k51.zip,"GCF_009695545.1 Victivallaceae bacterium BBE-744-WT-12 strain=BBE-744-WT-12, ASM969554v1",576588d099ff3d7433bdaa7e5756c4ee,0.01456048894481395,64000,214,8598000,SRR6915193_2.fastq.gz,SRR6915193,553aebf8,261568000,51,DNA,1000,261568,True,0.8534815271442866,0.9204153276113475,0.886948427377817,0.9204153276113475,False,72,717853,1234244,d__Bacteria;p__Verrucomicrobiota;c__Lentisphaeria;o__Victivallales;f__Victivallaceae;g__Victivallis;s__Victivallis lenta
290000,0.001108698311720088,0.031995937023869984,0.0002408551504771226,8.264168187165584e-05,1.619047619047619,1.0,0.8806305718527109,/tmp/nxf.XXXXCs2Y11/sourmash_database/gtdb-rs214-reps.k51.zip,"GCA_900547345.1 uncultured Collinsella sp., UMGS972",0395bd479215d5d87c9a64f0f6a53bf0,0.14728288471305231,63000,215,8535000,SRR6915193_2.fastq.gz,SRR6915193,553aebf8,261568000,51,DNA,1000,261568,True,0.8750949234311827,0.9631396464596934,0.9191172849454381,0.9631396464596934,False,102,717955,1234244,d__Bacteria;p__Actinomycetota;c__Coriobacteriia;o__Coriobacteriales;f__Coriobacteriaceae;g__Collinsella;s__Collinsella sp900547345
360000,0.0013763151455835577,0.01622874806800618,0.0002408551504771226,0.00022847994399810735,4.476190476190476,2.0,5.23073075369848,/tmp/nxf.XXXXCs2Y11/sourmash_database/gtdb-rs214-reps.k51.zip,"GCA_900760095.1 uncultured Oxalobacter sp., SRS013098_77",c44885a6f7eeeec3b7e9264a1c9a1881,0.09273570324574962,63000,216,8472000,SRR6915193_2.fastq.gz,SRR6915193,553aebf8,261568000,51,DNA,1000,261568,True,0.878812912020351,0.9544428757145571,0.916627893867454,0.9544428757145571,False,282,718237,1234244,d__Bacteria;p__Pseudomonadota;c__Gammaproteobacteria;o__Burkholderiales;f__Burkholderiaceae;g__Oxalobacter;s__Oxalobacter sp900760095
75000,0.0002867323219965745,0.026921406860616587,0.0002370320528505016,5.752509228321142e-05,1.1451612903225807,1.0,0.6683338501645374,/tmp/nxf.XXXXCs2Y11/sourmash_database/gtdb-rs214-reps.k51.zip,"GCF_900104615.1 Phocea massiliensis strain=Marseille-P2769, PRJEB16353",1289625c0b95442b0f86edbca3d5ba8c,0.03256621797655232,62000,217,8410000,SRR6915193_2.fastq.gz,SRR6915193,553aebf8,261568000,51,DNA,1000,261568,True,0.8521945606477506,0.9350580533503291,0.8936263069990398,0.9350580533503291,False,71,718308,1234244,d__Bacteria;p__Bacillota_A;c__Clostridia;o__Oscillospirales;f__Ruminococcaceae;g__Phocea;s__Phocea massiliensis
549000,0.0020988805970149254,0.02157001414427157,0.0002332089552238806,0.000731621948334365,14.80327868852459,13.0,10.609027507742526,/tmp/nxf.XXXXCs2Y11/sourmash_database/gtdb-rs214-reps.k51.zip,"GCA_900765705.1 uncultured Faecalibacterium sp., SRS294968_37",4d091449c88adab74bc019ab4d12afb5,0.19413012729844414,61000,218,8349000,SRR6915193_2.fastq.gz,SRR6915193,553aebf8,261568000,51,DNA,1000,261568,True,0.8861147291712616,0.9683693565932788,0.9272420428822702,0.9683693565932788,False,903,719211,1234244,d__Bacteria;p__Bacillota_A;c__Clostridia;o__Oscillospirales;f__Ruminococcaceae;g__Faecalibacterium;s__Faecalibacterium sp900765705
160000,0.000611695620259359,0.014614278869190225,0.0002332089552238806,9.641529551693183e-05,1.9508196721311475,1.0,3.654892205394795,/tmp/nxf.XXXXCs2Y11/sourmash_database/gtdb-rs214-reps.k51.zip,"GCF_000169255.2 Pseudoflavonifractor capillosus ATCC 29799 strain=ATCC 29799, ASM16925v2",d4725743bf7377b9b1586882d9ae2d62,0.03833253473885961,61000,219,8288000,SRR6915193_2.fastq.gz,SRR6915193,553aebf8,261568000,51,DNA,1000,261568,True,0.8649497741795036,0.93805178558383,0.9015007798816668,0.93805178558383,False,119,719330,1234244,d__Bacteria;p__Bacillota_A;c__Clostridia;o__Oscillospirales;f__Oscillospiraceae;g__Pseudoflavonifractor;s__Pseudoflavonifractor capillosus
153000,0.0005849339368730119,0.03077699293642785,0.0002332089552238806,6.886806822637987e-05,1.3934426229508197,1.0,0.684217598515056,/tmp/nxf.XXXXCs2Y11/sourmash_database/gtdb-rs214-reps.k51.zip,"GCF_003252725.1 Haemophilus parainfluenzae strain=C2004000280, ASM325272v1",f370838829c602bb713da52860cd20cf,0.07719475277497477,61000,220,8227000,SRR6915193_2.fastq.gz,SRR6915193,553aebf8,261568000,51,DNA,1000,261568,True,0.8641913950537815,0.9510163768230184,0.9076038859383999,0.9510163768230184,False,85,719415,1234244,d__Bacteria;p__Pseudomonadota;c__Gammaproteobacteria;o__Enterobacterales_A;f__Pasteurellaceae;g__Haemophilus_D;s__Haemophilus_D parainfluenzae_L
101000,0.00038613286028872033,0.021747009786154403,0.0002293858575972596,8.264168187165584e-05,1.7,1.0,2.4241837114102283,/tmp/nxf.XXXXCs2Y11/sourmash_database/gtdb-rs214-reps.k51.zip,"GCA_900756575.1 uncultured Oscillospiraceae bacterium, ERS537209_40",1dd3f16a7707cdf125dba3134983dcc7,0.03660746647335991,60000,221,8167000,SRR6915193_2.fastq.gz,SRR6915193,553aebf8,261568000,51,DNA,1000,261568,True,0.8571824483278958,0.9372052213651867,0.8971938348465412,0.9372052213651867,False,102,719517,1234244,d__Bacteria;p__Bacillota_A;c__Clostridia;o__Oscillospirales;f__Oscillospiraceae;g__HGM13006;s__HGM13006 sp900756575
171000,0.0006537496941521898,0.015838926174496646,0.00022556275997063862,0.00015475060036751243,3.23728813559322,2.0,3.2329814284925735,/tmp/nxf.XXXXCs2Y11/sourmash_database/gtdb-rs214-reps.k51.zip,"GCA_902362865.1 Clostridiaceae bacterium, MGYG-HGUT-00067",f4d9c8091ea5e43ddcaded51bd0fae5f,0.04590604026845638,59000,222,8108000,SRR6915193_2.fastq.gz,SRR6915193,553aebf8,261568000,51,DNA,1000,261568,True,0.8660781622512702,0.9413739009966559,0.903726031623963,0.9413739009966559,False,191,719708,1234244,d__Bacteria;p__Bacillota_A;c__Clostridia;o__Lachnospirales;f__Lachnospiraceae;g__Lachnoclostridium_B;s__Lachnoclostridium_B sp900066765
150000,0.000573464643993149,0.02518454190186713,0.00022173966234401762,5.18536043116272e-05,1.103448275862069,1.0,0.3566924287168483,/tmp/nxf.XXXXCs2Y11/sourmash_database/gtdb-rs214-reps.k51.zip,"GCA_934643185.1 uncultured Eubacteriales bacterium, ERR7738937_bin.9",566ac1cc351334f580494a5a9cb0bd06,0.06513243595310464,58000,223,8050000,SRR6915193_2.fastq.gz,SRR6915193,553aebf8,261568000,51,DNA,1000,261568,True,0.8638559060711892,0.9478532945482994,0.9058546003097443,0.9478532945482994,False,64,719772,1234244,d__Bacteria;p__Bacillota_A;c__Clostridia;o__Oscillospirales;f__Acutalibacteraceae;g__UBA1417;s__UBA1417 sp934643185
82000,0.0003134940053829215,0.02857142857142857,0.00022173966234401762,5.428424201373473e-05,1.1551724137931034,1.0,0.40691116280020506,/tmp/nxf.XXXXCs2Y11/sourmash_database/gtdb-rs214-reps.k51.zip,"GCA_934875375.1 uncultured bacterium, MTG243_bin.11.fa",d9e06e28c695e8d8d060cf04415d379f,0.04039408866995074,58000,224,7992000,SRR6915193_2.fastq.gz,SRR6915193,553aebf8,261568000,51,DNA,1000,261568,True,0.8536868910115372,0.9390157967585696,0.8963513438850534,0.9390157967585696,False,67,719839,1234244,d__Bacteria;p__Bacillota_A;c__Clostridia;o__Oscillospirales;f__Ruminococcaceae;g__UBA3818;s__UBA3818 sp900557155
63000,0.0002408551504771226,0.020069204152249134,0.00022173966234401762,5.1043391744258024e-05,1.0862068965517242,1.0,0.28066932062240874,/tmp/nxf.XXXXCs2Y11/sourmash_database/gtdb-rs214-reps.k51.zip,"GCF_011405655.1 Adlercreutzia sp. 8CFCBH1 strain=8CFCBH1, ASM1140565v1",86e8ff01f78dff920413aaf9a95a3bfa,0.02179930795847751,58000,225,7934000,SRR6915193_2.fastq.gz,SRR6915193,553aebf8,261568000,51,DNA,1000,261568,True,0.849286142659018,0.9277275319206612,0.8885068372898396,0.9277275319206612,False,63,719902,1234244,d__Bacteria;p__Actinomycetota;c__Coriobacteriia;o__Coriobacteriales;f__Eggerthellaceae;g__Adlercreutzia;s__Adlercreutzia hattorii
377000,0.0014413078052361145,0.014507508271824891,0.00021791656471739662,0.0006376372905195408,13.807017543859649,11.0,11.393193715318805,/tmp/nxf.XXXXCs2Y11/sourmash_database/gtdb-rs214-reps.k51.zip,"GCA_900760455.1 uncultured Paraprevotella sp., SRS016095_8",fc752a609416b035fecea05480b2b7b7,0.09595316874522779,57000,226,7877000,SRR6915193_2.fastq.gz,SRR6915193,553aebf8,261568000,51,DNA,1000,261568,True,0.879608358928571,0.9550813812917199,0.9173448701101454,0.9550813812917199,False,787,720689,1234244,d__Bacteria;p__Bacteroidota;c__Bacteroidia;o__Bacteroidales;f__Bacteroidaceae;g__Paraprevotella;s__Paraprevotella sp900760455
210000,0.0008028505015904087,0.018376211159371866,0.00021027036946415464,7.778040646744079e-05,1.7454545454545454,1.0,1.1476170064043276,/tmp/nxf.XXXXCs2Y11/sourmash_database/gtdb-rs214-reps.k51.zip,"GCA_934418055.1 uncultured Lachnospiraceae bacterium, ERR7738249_bin.10",9fcc3ca23604b8228114aae09c2e68d2,0.0701637153357835,55000,227,7822000,SRR6915193_2.fastq.gz,SRR6915193,553aebf8,261568000,51,DNA,1000,261568,True,0.8695740328652576,0.9492372149216242,0.9094056238934409,0.9492372149216242,False,96,720785,1234244,d__Bacteria;p__Bacillota_A;c__Clostridia;o__Lachnospirales;f__Lachnospiraceae;g__UBA3402;s__UBA3402 sp934418055
187000,0.0007149192561781258,0.019224047535826634,0.00021027036946415464,6.886806822637987e-05,1.5454545454545454,1.0,0.8489176385402727,/tmp/nxf.XXXXCs2Y11/sourmash_database/gtdb-rs214-reps.k51.zip,"GCA_934435205.1 uncultured Ruminococcus sp., ERR7738659_bin.122",9b1edd776ea58df3e37e2d014efe6eaf,0.06536176162181055,55000,228,7767000,SRR6915193_2.fastq.gz,SRR6915193,553aebf8,261568000,51,DNA,1000,261568,True,0.8675984442998552,0.9479186193083294,0.9077585318040924,0.9479186193083294,False,85,720870,1234244,d__Bacteria;p__Bacillota_A;c__Clostridia;o__Oscillospirales;f__Ruminococcaceae;g__Ruminococcus_D;s__Ruminococcus_D sp934435205
205000,0.0007837350134573037,0.03389830508474576,0.00020644727183753364,6.0765942552688126e-05,1.3888888888888888,1.0,0.558326423395605,/tmp/nxf.XXXXCs2Y11/sourmash_database/gtdb-rs214-reps.k51.zip,"GCA_900556785.1 uncultured Veillonella sp., UMGS1979",e056ae24aaa0750eedd72d12e30ab1c3,0.12868801004394226,54000,229,7713000,SRR6915193_2.fastq.gz,SRR6915193,553aebf8,261568000,51,DNA,1000,261568,True,0.8691632553093291,0.9605942052742691,0.9148787302917991,0.9605942052742691,False,75,720945,1234244,d__Bacteria;p__Bacillota_C;c__Negativicutes;o__Veillonellales;f__Veillonellaceae;g__Veillonella;s__Veillonella sp900556785
195000,0.0007455040371910938,0.01657967454712926,0.00020644727183753364,9.39846578148243e-05,2.1481481481481484,2.0,1.26794390878694,/tmp/nxf.XXXXCs2Y11/sourmash_database/gtdb-rs214-reps.k51.zip,"GCA_900772845.1 Lachnospiraceae bacterium, SRS883029_98",b8d999fccd06a702ea1a817ef7b9d093,0.05987104697574455,54000,230,7659000,SRR6915193_2.fastq.gz,SRR6915193,553aebf8,261568000,51,DNA,1000,261568,True,0.8683113746228781,0.946289148453305,0.9073002615380916,0.946289148453305,False,116,721061,1234244,d__Bacteria;p__Bacillota_A;c__Clostridia;o__Lachnospirales;f__Lachnospiraceae;g__Acetatifactor;s__Acetatifactor sp900772845
166000,0.000634634206019085,0.030716723549488054,0.00020644727183753364,5.6714879715842245e-05,1.2962962962962963,1.0,0.7104935590092918,/tmp/nxf.XXXXCs2Y11/sourmash_database/gtdb-rs214-reps.k51.zip,"GCA_927911595.1 uncultured Haemophilus sp., ERR3827251_bin.2_metaWRAP_v1.1_MAG",fb7f9778ad6162bf6eed62f399b67a9d,0.09442548350398179,54000,231,7605000,SRR6915193_2.fastq.gz,SRR6915193,553aebf8,261568000,51,DNA,1000,261568,True,0.8655743571804234,0.9547808727487507,0.910177614964587,0.9547808727487507,False,70,721131,1234244,d__Bacteria;p__Pseudomonadota;c__Gammaproteobacteria;o__Enterobacterales_A;f__Pasteurellaceae;g__Haemophilus_D;s__Haemophilus_D sp927911595
446000,0.0017051015414729631,0.020784313725490194,0.00020262417421091264,0.0006198126140374189,14.433962264150944,11.0,11.220785016028714,/tmp/nxf.XXXXCs2Y11/sourmash_database/gtdb-rs214-reps.k51.zip,"GCA_934561555.1 uncultured Faecalibacterium sp., ERR7738160_bin.144",6fcf6fc37438b75dd98b71217966cbe6,0.17490196078431372,53000,232,7552000,SRR6915193_2.fastq.gz,SRR6915193,553aebf8,261568000,51,DNA,1000,261568,True,0.8825119464315347,0.9663909112544126,0.9244514288429737,0.9663909112544126,False,765,721896,1234244,d__Bacteria;p__Bacillota_A;c__Clostridia;o__Oscillospirales;f__Ruminococcaceae;g__Faecalibacterium;s__Faecalibacterium sp934561555
282000,0.00107811353070712,0.0108807226442209,0.00020262417421091264,0.0005104339174425803,11.88679245283019,4.0,43.0478717188546,/tmp/nxf.XXXXCs2Y11/sourmash_database/gtdb-rs214-reps.k51.zip,"GCF_000374365.1 Bacteroides gallinarum DSM 18171 = JCM 13658 strain=DSM 18171, ASM37436v1",ab9abfeb97c769fe085a44e06e72f4b4,0.057893656333401766,53000,233,7499000,SRR6915193_2.fastq.gz,SRR6915193,553aebf8,261568000,51,DNA,1000,261568,True,0.8746150594414686,0.9456661903482588,0.9101406248948637,0.9456661903482588,False,630,722526,1234244,d__Bacteria;p__Bacteroidota;c__Bacteroidia;o__Bacteroidales;f__Bacteroidaceae;g__Bacteroides;s__Bacteroides gallinarum
64000,0.00024467824810374357,0.025566811384466957,0.00020262417421091264,5.428424201373473e-05,1.2641509433962264,1.0,0.4408800545489782,/tmp/nxf.XXXXCs2Y11/sourmash_database/gtdb-rs214-reps.k51.zip,"GCF_000785515.1 Streptococcus salivarius strain=NCTC 8618, ASM78551v1",60ed22ecb89c02b71ce7854e0188c722,0.03087313072841293,53000,234,7446000,SRR6915193_2.fastq.gz,SRR6915193,553aebf8,261568000,51,DNA,1000,261568,True,0.8495484353369741,0.9340797019746739,0.891814068655824,0.9340797019746739,False,67,722593,1234244,d__Bacteria;p__Bacillota;c__Bacilli;o__Lactobacillales;f__Streptococcaceae;g__Streptococcus;s__Streptococcus salivarius
72000,0.0002752630291167115,0.018901569186875893,0.00020262417421091264,5.914551741794977e-05,1.3773584905660377,1.0,1.3903496925992858,/tmp/nxf.XXXXCs2Y11/sourmash_database/gtdb-rs214-reps.k51.zip,"GCF_900115635.1 Oscillibacter sp. PC13 strain=PC13, IMG-taxon 2623620509 annotated assembly",eb5ad87875aab542e750cda16d18fef8,0.025677603423680456,53000,235,7393000,SRR6915193_2.fastq.gz,SRR6915193,553aebf8,261568000,51,DNA,1000,261568,True,0.8515127104009897,0.9307108864830242,0.8911117984420069,0.9307108864830242,False,73,722666,1234244,d__Bacteria;p__Bacillota_A;c__Clostridia;o__Oscillospirales;f__Oscillospiraceae;g__Dysosmobacter;s__Dysosmobacter sp900115635
320000,0.001223391240518718,0.011106364801366937,0.00019880107658429167,0.0004051062836845875,9.615384615384615,6.0,8.566827449200709,/tmp/nxf.XXXXCs2Y11/sourmash_database/gtdb-rs214-reps.k51.zip,"GCA_025151045.1 Parabacteroides johnsonii DSM 18315 strain=DSM 18315, ASM2515104v1",1d0aa75f91e7779806d6956efe7c1c15,0.06834686031610424,52000,236,7341000,SRR6915193_2.fastq.gz,SRR6915193,553aebf8,261568000,51,DNA,1000,261568,True,0.8767856606735053,0.948749029143321,0.9127673449084132,0.948749029143321,False,500,723166,1234244,d__Bacteria;p__Bacteroidota;c__Bacteroidia;o__Bacteroidales;f__Tannerellaceae;g__Parabacteroides;s__Parabacteroides johnsonii
70000,0.0002676168338634695,0.026694045174537988,0.00019880107658429167,4.9422966609519675e-05,1.1730769230769231,1.0,0.642146456040923,/tmp/nxf.XXXXCs2Y11/sourmash_database/gtdb-rs214-reps.k51.zip,"GCA_900542375.1 uncultured Ruminococcaceae bacterium, UMGS454",38170bd3035dc8b739c9c5b75fc80b2d,0.03593429158110883,52000,237,7289000,SRR6915193_2.fastq.gz,SRR6915193,553aebf8,261568000,51,DNA,1000,261568,True,0.8510424900886123,0.9368642108302577,0.893953350459435,0.9368642108302577,False,61,723227,1234244,d__Bacteria;p__Bacillota_A;c__Clostridia;o__Oscillospirales;f__Acutalibacteraceae;g__UMGS1071;s__UMGS1071 sp900542375
126000,0.0004817103009542452,0.01574326369966697,0.00019880107658429167,5.6714879715842245e-05,1.3461538461538463,1.0,1.8068737917763609,/tmp/nxf.XXXXCs2Y11/sourmash_database/gtdb-rs214-reps.k51.zip,"GCF_000173975.1 Anaerobutyricum hallii DSM 3353 strain=DSM 3353, ASM17397v1",8fce16b2b7ed2405807ddf248dc6febb,0.03814713896457766,52000,238,7237000,SRR6915193_2.fastq.gz,SRR6915193,553aebf8,261568000,51,DNA,1000,261568,True,0.8609076895806022,0.9379626151977986,0.8994351523892004,0.9379626151977986,False,70,723297,1234244,d__Bacteria;p__Bacillota_A;c__Clostridia;o__Lachnospirales;f__Lachnospiraceae;g__Anaerobutyricum;s__Anaerobutyricum hallii
334000,0.0012769146072914117,0.014126596033686498,0.00019880107658429167,8.021104416954832e-05,1.9038461538461537,1.0,3.6808214770024006,/tmp/nxf.XXXXCs2Y11/sourmash_database/gtdb-rs214-reps.k51.zip,"GCF_013300825.1 Blautia wexlerae strain=MSK.20.46, ASM1330082v1",f0cfb5d5e2d9fea502197382ec21bc76,0.09073621298560174,52000,239,7185000,SRR6915193_2.fastq.gz,SRR6915193,553aebf8,261568000,51,DNA,1000,261568,True,0.8775221258702198,0.9540350413221259,0.9157785835961729,0.9540350413221259,False,99,723396,1234244,d__Bacteria;p__Bacillota_A;c__Clostridia;o__Lachnospirales;f__Lachnospiraceae;g__Blautia_A;s__Blautia_A wexlerae_B
259000,0.0009901822852948373,0.018538713195201745,0.00019497797895767067,0.0004375147863793545,10.588235294117647,7.0,9.126940235494246,/tmp/nxf.XXXXCs2Y11/sourmash_database/gtdb-rs214-reps.k51.zip,"GCF_003287495.1 Faecalibacterium prausnitzii strain=APC923/61-1, ASM328749v1",e6bface39e3d16e80204535c16bd0cef,0.09414758269720101,51000,240,7134000,SRR6915193_2.fastq.gz,SRR6915193,553aebf8,261568000,51,DNA,1000,261568,True,0.8731572290474072,0.9547256953224253,0.9139414621849162,0.9547256953224253,False,540,723936,1234244,d__Bacteria;p__Bacillota_A;c__Clostridia;o__Oscillospirales;f__Ruminococcaceae;g__Faecalibacterium;s__Faecalibacterium prausnitzii_I
196000,0.0007493271348177147,0.01816886355539722,0.00019497797895767067,0.00011180933429694615,2.7058823529411766,1.0,4.936038411706846,/tmp/nxf.XXXXCs2Y11/sourmash_database/gtdb-rs214-reps.k51.zip,"GCF_003481705.1 Butyricicoccus sp. OM04-18BH strain=OM04-18BH, ASM348170v1",fdafa387cfe9876f6fbac387581ed7dd,0.06982543640897755,51000,241,7083000,SRR6915193_2.fastq.gz,SRR6915193,553aebf8,261568000,51,DNA,1000,261568,True,0.8683984672274133,0.9491472661149617,0.9087728666711875,0.9491472661149617,False,138,724074,1234244,d__Bacteria;p__Bacillota_A;c__Clostridia;o__Oscillospirales;f__Butyricicoccaceae;g__Agathobaculum;s__Agathobaculum sp003481705
178000,0.0006805113775385369,0.010425183973834832,0.00019497797895767067,0.00045128840002463044,10.92156862745098,5.0,20.597775567369446,/tmp/nxf.XXXXCs2Y11/sourmash_database/gtdb-rs214-reps.k51.zip,"GCF_900155425.1 Parabacteroides massiliensis strain=SN4, PRJEB18759",22af63194a310e17c016d139abfe9cbf,0.03638593622240392,51000,242,7032000,SRR6915193_2.fastq.gz,SRR6915193,553aebf8,261568000,51,DNA,1000,261568,True,0.8667597450208054,0.9370936842420802,0.9019267146314428,0.9370936842420802,False,557,724631,1234244,d__Bacteria;p__Bacteroidota;c__Bacteroidia;o__Bacteroidales;f__Tannerellaceae;g__Parabacteroides;s__Parabacteroides massiliensis
50000,0.00019115488133104966,0.022401433691756272,0.00019115488133104966,4.618211634004297e-05,1.14,1.0,0.3469870314579494,/tmp/nxf.XXXXCs2Y11/sourmash_database/gtdb-rs214-reps.k51.zip,"GCA_900543555.1 uncultured Ruminococcaceae bacterium, UMGS581",e87fa72ec8d4c2f5a130c2ef2ccca301,0.022401433691756272,50000,243,6982000,SRR6915193_2.fastq.gz,SRR6915193,553aebf8,261568000,51,DNA,1000,261568,True,0.8454462226271385,0.9282233025324637,0.8868347625798011,0.9282233025324637,False,57,724688,1234244,d__Bacteria;p__Bacillota_A;c__Clostridia;o__Oscillospirales;f__Acutalibacteraceae;g__Acutalibacter;s__Acutalibacter stercoravium
50000,0.00019115488133104966,0.02039983680130559,0.00019115488133104966,4.21310535031971e-05,1.04,1.0,0.19595917942265428,/tmp/nxf.XXXXCs2Y11/sourmash_database/gtdb-rs214-reps.k51.zip,"GCA_904395335.1 Candidatus Avimonas narfia, Coassembly_mag_196",88dca4cb081283c444e7403da4b9ef8d,0.02039983680130559,50000,244,6932000,SRR6915193_2.fastq.gz,SRR6915193,553aebf8,261568000,51,DNA,1000,261568,True,0.8454462226271385,0.9265213373225666,0.8859837799748526,0.9265213373225666,False,52,724740,1234244,d__Bacteria;p__Bacillota_A;c__Clostridia;o__Oscillospirales;f__Acutalibacteraceae;g__Avimonas_A;s__Avimonas_A narfia
208000,0.0007952043063371667,0.007568876778686043,0.00019115488133104966,0.0007154176969869815,17.66,2.5,30.245402956482494,/tmp/nxf.XXXXCs2Y11/sourmash_database/gtdb-rs214-reps.k51.zip,"GCF_003464595.1 Bacteroides intestinalis strain=AF14-32, ASM346459v1",5018c46a831958831fc599a735d21972,0.03148652739933394,50000,245,6882000,SRR6915193_2.fastq.gz,SRR6915193,553aebf8,261568000,51,DNA,1000,261568,True,0.8694108845227483,0.9344400973579882,0.9019254909403682,0.9344400973579882,False,883,725623,1234244,d__Bacteria;p__Bacteroidota;c__Bacteroidia;o__Bacteroidales;f__Bacteroidaceae;g__Bacteroides;s__Bacteroides intestinalis_A
404000,0.0015445314411548813,0.009966115208291808,0.00019115488133104966,6.0765942552688126e-05,1.5,1.0,0.7549834435270749,/tmp/nxf.XXXXCs2Y11/sourmash_database/gtdb-rs214-reps.k51.zip,"GCF_005843885.1 Escherichia sp. E4742 strain=E4742, ASM584388v1",440a1d2d5bc0973705d09cae59de539f,0.0805262108829978,50000,246,6832000,SRR6915193_2.fastq.gz,SRR6915193,553aebf8,261568000,51,DNA,1000,261568,True,0.8808021533564664,0.9518045783281741,0.9163033658423203,0.9518045783281741,False,75,725698,1234244,d__Bacteria;p__Pseudomonadota;c__Gammaproteobacteria;o__Enterobacterales;f__Enterobacteriaceae;g__Escherichia;s__Escherichia sp005843885
174000,0.0006652189870320529,0.015634771732332707,0.00019115488133104966,0.00010046635835377769,2.48,1.0,5.363730045406834,/tmp/nxf.XXXXCs2Y11/sourmash_database/gtdb-rs214-reps.k51.zip,"GCF_900291975.1 Intestinibacillus sp. Marseille-P4005 strain=Marseille-P4005, PRJEB24950",65713af468298b7a867be5e7720bad95,0.054409005628517824,50000,247,6782000,SRR6915193_2.fastq.gz,SRR6915193,553aebf8,261568000,51,DNA,1000,261568,True,0.8663735578815183,0.9445158084675096,0.905444683174514,0.9445158084675096,False,124,725822,1234244,d__Bacteria;p__Bacillota_A;c__Clostridia;o__Oscillospirales;f__Butyricicoccaceae;g__Agathobaculum;s__Agathobaculum sp900291975
